        20        50        50        50
     12740        14        26        35         2        18
     18879        29        21        31         1        66
     12544        28        14        32         3        38
     40392        33        36        34         1        46
     13056        34        24        16         4        36
      7514        17        17        26         1        40
     12342        17        22        33         1        30
     19584        36        34        16         2        38
     19040        28        20        34         2        89
     26040        31        30        28         1        12
      7956        34        18        13         6        11
     12180        20        29        21         3        29
     16767        27        27        23         2        28
      7280        28        20        13         1        29
      8602        23        22        17         3        32
     35525        35        35        29         1        41
     18200        28        25        26         2        34
     14700        35        15        28         3        14
      9720        30        18        18         4        17
      7854        14        33        17         4         9

        20        50        50        50
     11968        17        32        22         3        50
      9072        18        24        21         7        30
     19584        24        34        24         4        42
     21344        32        23        29         1        69
      8694        27        23        14         2        21
      2548        14        14        13         4        33
     11616        16        33        22         2        52
     16830        17        33        30         1        15
      8316        21        12        33         1        16
      5016        19        12        22         5        40
     14256        22        27        24         3        15
     19343        29        29        23         2        68
      9044        17        28        19         2        42
     10472        17        28        22         2        19
     11067        21        31        17         4        25
      9984        26        16        24         3         1
     19096        31        22        28         1        66
      9261        21        21        21         1         8
     19950        35        30        19         2         3
     20615        35        31        19         2        17

        20        50        50        50
      7616        28        17        16         1        25
     10608        24        17        26         1        18
     16170        21        22        35         2        98
      7752        17        24        19         2        48
      5460        35        12        13         9        29
      9775        17        25        23         5        63
      1872        13        12        12        19        15
     23200        25        32        29         1         3
      5408        13        13        32         8         3
     17850        25        21        34         1        51
     17280        27        20        32         1        95
     29160        27        30        36         1        56
      8450        25        26        13         1        22
      9072        24        14        27         1        77
      6300        18        25        14         3        34
      8280        15        23        24         9        62
      7616        16        14        34         4        22
      9982        14        23        31         4        80
     14880        31        16        30         1        26
      4692        12        23        17        15         9

        20        50        50        50
      6120        34        15        12         1         1
     12150        25        18        27         1        57
     38080        32        35        34         1         5
      7680        15        16        32         9        59
     11400        25        19        24         2         5
     12648        31        17        24         2        25
     18096        26        24        29         1        69
      5184        18        24        12         9         2
     10557        23        27        17         2        42
     18375        25        35        21         4         9
     15180        22        23        30         1        22
     15120        21        20        36         3        20
     11648        13        28        32         1        76
      9828        36        21        13         3         4
      5474        23        17        14         4         4
     25024        23        32        34         2        51
     17424        22        24        33         4        51
     14280        34        28        15         2         6
     20000        32        25        25         2        71
     10500        25        15        28         4        47

        20        50        50        50
      8415        15        17        33         1        13
     15840        32        15        33         3        60
      7657        13        19        31         4        25
      7600        25        16        19        10        27
     11284        14        26        31         2        35
     19448        26        34        22         2        60
      8778        19        14        33         2        38
     36890        35        31        34         1        11
     20332        34        26        23         2        42
     21000        28        30        25         1        46
     12096        24        36        14         1        27
      8448        33        16        16         3         3
      2730        13        14        15        11        42
      6075        15        27        15         8        36
     15288        26        28        21         2        38
      4394        13        26        13         5        27
     37800        36        35        30         1        38
     14352        24        23        26         2        68
      4788        19        12        21         7         2
      9248        34        17        16         5        45

        20        50        50        50
      9936        36        12        23         7        21
     11340        27        35        12         2         9
     11875        19        25        25         6        13
     12064        32        29        13         2        21
      9072        18        21        24         5        38
      4900        14        25        14         8        35
     15120        36        35        12         1        34
     24128        29        32        26         1        17
      6783        19        21        17         1         8
     20956        31        26        26         1        29
      8976        17        33        16         3        47
     24500        25        28        35         1        82
     13662        23        33        18         1        28
     10540        31        17        20         1        20
     10010        13        35        22         2        47
      4050        15        15        18         1         4
     16560        23        36        20         3        59
      7440        12        31        20         2        29
     12160        19        32        20         4        29
     27744        24        34        34         1        87

        20        50        50        50
     27370        35        34        23         2        14
     16128        28        24        24         3        15
      5544        33        12        14         7         7
      9672        24        13        31         1        72
     11178        27        23        18         4         1
     23800        28        34        25         1        35
     12960        15        32        27         1        63
      8064        16        36        14         8         8
      8866        13        22        31         6        40
     12075        25        21        23         6        12
      6930        14        33        15         5        15
     17952        32        33        17         1        26
     25200        28        30        30         1        69
     26250        35        25        30         1        88
     15120        12        35        36         3        93
     15456        32        21        23         3         6
     18816        28        21        32         2        65
      3276        12        13        21         1        15
      5434        19        13        22        10        22
     14280        34        12        35         1        91

        20        50        50        50
      6048        27        16        14         8        16
      7429        23        17        19         3        10
     18400        32        25        23         2         3
      6800        16        25        17        12        22
     14280        15        34        28         3         9
     44064        36        34        36         1        85
     28080        36        30        26         1        72
      7980        20        21        19         6        51
     20706        29        34        21         1        27
     15314        19        31        26         2        19
      9280        20        16        29         4        29
     26100        25        36        29         1        26
      9568        16        26        23         2        46
     14560        35        13        32         1        90
     17280        27        20        32         1        76
     10120        20        22        23         4        23
      9522        18        23        23         2         2
      8625        25        23        15        12        15
     21780        33        33        20         1        44
      9000        30        20        15         5        39

        20        50        50        50
     10500        25        14        30         1        65
     22680        35        24        27         1         7
     10752        32        24        14         1        17
     14784        21        22        32         4        93
     11424        16        21        34         6        31
     11616        22        24        22         8        60
     15504        19        34        24         1        13
      7812        18        31        14         5        41
     14742        21        26        27         1        19
      4836        31        13        12         3         6
     11492        26        34        13         2        19
     17325        25        21        33         4        93
      6137        17        19        19         1        34
      3072        16        12        16        16        24
     11250        30        25        15         5        30
     19845        27        35        21         1        19
      7020        18        13        30         6        78
      5187        19        21        13         6         0
      6496        16        29        14         1        40
     12880        23        16        35         5        44

        20        50        50        50
     22678        29        34        23         2        67
     14976        36        13        32         2        13
     21216        34        24        26         2        77
     26390        29        26        35         1        18
     10560        20        33        16         2        18
     10416        16        21        31         3        61
     10208        16        22        29         2        13
      8640        32        15        18         1        33
     19600        35        28        20         1        48
      6916        28        13        19         5        11
      4140        15        12        23         1         3
      9108        23        22        18         6        48
     18432        32        18        32         1        51
     19140        29        33        20         1         3
     12600        30        35        12         4        30
     20956        31        26        26         1        76
     40392        36        33        34         1        67
     27405        29        35        27         1        45
     13156        23        26        22         4        23
     12540        19        22        30         2        79