20 20 20
0 16 0 4 4 2 1 1
0 16 2 4 4 2 1 1
0 16 4 4 4 2 1 1
0 16 6 4 4 2 1 1
0 16 8 4 4 2 1 1
0 16 10 4 4 2 1 1
0 16 12 4 4 2 1 1
0 16 14 4 4 2 1 1
0 16 16 4 4 2 1 1
0 16 18 4 4 2 1 1
2 4 10 4 4 2 1 1
2 4 12 4 4 2 1 1
2 4 14 4 4 2 1 1
4 0 3 4 4 2 1 1
4 0 5 4 4 2 1 1
4 4 3 4 4 2 1 1
4 4 5 4 4 2 1 1
4 8 0 4 4 2 1 1
4 8 2 4 4 2 1 1
4 8 4 4 4 2 1 1
4 8 6 4 4 2 1 1
4 12 4 4 4 2 1 1
4 12 6 4 4 2 1 1
4 16 4 4 4 2 1 1
4 16 6 4 4 2 1 1
4 16 8 4 4 2 1 1
4 16 10 4 4 2 1 1
4 16 12 4 4 2 1 1
4 16 14 4 4 2 1 1
4 16 16 4 4 2 1 1
4 16 18 4 4 2 1 1
6 0 16 4 4 2 1 1
6 0 18 4 4 2 1 1
6 4 16 4 4 2 1 1
6 4 18 4 4 2 1 1
6 12 0 4 4 2 1 1
6 12 2 4 4 2 1 1
6 16 0 4 4 2 1 1
6 16 2 4 4 2 1 1
8 0 3 4 4 2 1 1
8 0 5 4 4 2 1 1
8 4 3 4 4 2 1 1
8 4 5 4 4 2 1 1
8 8 0 4 4 2 1 1
8 8 2 4 4 2 1 1
8 16 4 4 4 2 1 1
8 16 6 4 4 2 1 1
8 16 8 4 4 2 1 1
8 16 10 4 4 2 1 1
8 16 12 4 4 2 1 1
8 16 14 4 4 2 1 1
8 16 16 4 4 2 1 1
8 16 18 4 4 2 1 1
10 0 16 4 4 2 1 1
10 0 18 4 4 2 1 1
10 4 16 4 4 2 1 1
10 4 18 4 4 2 1 1
12 8 0 4 4 2 1 1
12 8 2 4 4 2 1 1
12 8 4 4 4 2 1 1
12 8 6 4 4 2 1 1
12 16 8 4 4 2 1 1
12 16 10 4 4 2 1 1
12 16 12 4 4 2 1 1
12 16 14 4 4 2 1 1
12 16 16 4 4 2 1 1
12 16 18 4 4 2 1 1
14 12 4 4 4 2 1 1
14 12 6 4 4 2 1 1
14 16 4 4 4 2 1 1
14 16 6 4 4 2 1 1
16 0 0 4 4 2 1 1
16 0 2 4 4 2 1 1
16 0 4 4 4 2 1 1
16 0 6 4 4 2 1 1
16 0 8 4 4 2 1 1
16 0 10 4 4 2 1 1
16 0 12 4 4 2 1 1
16 0 14 4 4 2 1 1
16 0 16 4 4 2 1 1
16 0 18 4 4 2 1 1
16 4 0 4 4 2 1 1
16 4 2 4 4 2 1 1
16 4 4 4 4 2 1 1
16 4 6 4 4 2 1 1
16 4 8 4 4 2 1 1
16 8 0 4 4 2 1 1
16 8 2 4 4 2 1 1
16 8 4 4 4 2 1 1
16 8 6 4 4 2 1 1
16 8 12 4 4 2 1 1
16 8 14 4 4 2 1 1
16 16 8 4 4 2 1 1
16 16 10 4 4 2 1 1
0 8 8 7 4 3 2 1
0 8 11 7 4 3 2 1
0 8 14 7 4 3 2 1
0 8 17 7 4 3 2 1
0 12 8 7 4 3 2 1
0 12 11 7 4 3 2 1
0 12 14 7 4 3 2 1
0 12 17 7 4 3 2 1
2 0 0 7 4 3 2 1
2 0 7 7 4 3 2 1
2 0 10 7 4 3 2 1
2 0 13 7 4 3 2 1
2 4 0 7 4 3 2 1
2 4 7 7 4 3 2 1
6 4 10 7 4 3 2 1
6 4 13 7 4 3 2 1
7 8 8 7 4 3 2 1
7 8 11 7 4 3 2 1
7 8 14 7 4 3 2 1
7 8 17 7 4 3 2 1
7 12 8 7 4 3 2 1
7 12 11 7 4 3 2 1
7 12 14 7 4 3 2 1
7 12 17 7 4 3 2 1
9 0 0 7 4 3 2 1
9 0 7 7 4 3 2 1
9 0 10 7 4 3 2 1
9 0 13 7 4 3 2 1
9 4 0 7 4 3 2 1
9 4 7 7 4 3 2 1
13 4 10 7 4 3 2 1
13 4 13 7 4 3 2 1
0 0 0 2 8 4 4 1
0 0 4 2 8 4 4 1
0 0 8 2 8 4 4 1
0 0 12 2 8 4 4 1
0 0 16 2 8 4 4 1
0 8 0 2 8 4 4 1
0 8 4 2 8 4 4 1
2 0 3 2 8 4 4 1
2 0 16 2 8 4 4 1
2 8 0 2 8 4 4 1
2 8 4 2 8 4 4 1
4 0 16 2 8 4 4 1
4 12 0 2 8 4 4 1
8 8 4 2 8 4 4 1
10 8 4 2 8 4 4 1
10 12 0 2 8 4 4 1
12 0 3 2 8 4 4 1
12 12 0 2 8 4 4 1
12 12 4 2 8 4 4 1
14 0 3 2 8 4 4 1
14 0 16 2 8 4 4 1
14 8 8 2 8 4 4 1
14 8 12 2 8 4 4 1
14 8 16 2 8 4 4 1
14 12 0 2 8 4 4 1
16 4 16 2 8 4 4 1
16 8 8 2 8 4 4 1
16 12 0 2 8 4 4 1
16 12 12 2 8 4 4 1
16 12 16 2 8 4 4 1
18 4 16 2 8 4 4 1
18 8 8 2 8 4 4 1
18 12 0 2 8 4 4 1
18 12 4 2 8 4 4 1
18 12 12 2 8 4 4 1
18 12 16 2 8 4 4 1
