20 20 20
0 2 12 3 3 8 2 1
0 5 12 3 3 8 2 1
2 8 12 3 3 8 2 1
2 11 12 3 3 8 2 1
3 2 12 3 3 8 2 1
3 5 12 3 3 8 2 1
5 8 12 3 3 8 2 1
5 11 12 3 3 8 2 1
8 4 0 3 3 8 2 1
8 6 8 3 3 8 2 1
8 7 0 3 3 8 2 1
8 9 8 3 3 8 2 1
10 0 8 3 3 8 2 1
10 3 8 3 3 8 2 1
15 0 8 3 3 8 2 1
15 3 8 3 3 8 2 1
15 4 0 3 3 8 2 1
15 6 8 3 3 8 2 1
15 7 0 3 3 8 2 1
15 9 8 3 3 8 2 1
0 0 0 2 2 4 3 1
0 0 4 2 2 4 3 1
0 0 8 2 2 4 3 1
0 0 12 2 2 4 3 1
0 0 16 2 2 4 3 1
0 6 0 2 2 4 3 1
0 6 4 2 2 4 3 1
0 6 8 2 2 4 3 1
0 8 0 2 2 4 3 1
0 8 4 2 2 4 3 1
0 8 8 2 2 4 3 1
0 8 12 2 2 4 3 1
0 8 16 2 2 4 3 1
0 10 12 2 2 4 3 1
0 10 16 2 2 4 3 1
0 12 0 2 2 4 3 1
0 12 4 2 2 4 3 1
0 12 8 2 2 4 3 1
0 12 12 2 2 4 3 1
0 12 16 2 2 4 3 1
0 14 12 2 2 4 3 1
0 14 16 2 2 4 3 1
0 16 0 2 2 4 3 1
0 16 16 2 2 4 3 1
0 18 12 2 2 4 3 1
0 18 16 2 2 4 3 1
2 0 0 2 2 4 3 1
2 0 16 2 2 4 3 1
2 12 0 2 2 4 3 1
2 12 4 2 2 4 3 1
2 12 8 2 2 4 3 1
2 14 12 2 2 4 3 1
2 14 16 2 2 4 3 1
2 16 0 2 2 4 3 1
2 16 16 2 2 4 3 1
2 18 12 2 2 4 3 1
2 18 16 2 2 4 3 1
4 0 0 2 2 4 3 1
4 0 16 2 2 4 3 1
4 14 12 2 2 4 3 1
4 14 16 2 2 4 3 1
4 16 0 2 2 4 3 1
4 16 16 2 2 4 3 1
4 18 12 2 2 4 3 1
4 18 16 2 2 4 3 1
6 0 0 2 2 4 3 1
6 0 16 2 2 4 3 1
6 2 0 2 2 4 3 1
6 2 4 2 2 4 3 1
6 2 8 2 2 4 3 1
6 2 12 2 2 4 3 1
6 2 16 2 2 4 3 1
6 4 0 2 2 4 3 1
6 4 4 2 2 4 3 1
6 4 8 2 2 4 3 1
6 4 12 2 2 4 3 1
6 4 16 2 2 4 3 1
6 6 12 2 2 4 3 1
6 6 16 2 2 4 3 1
6 10 0 2 2 4 3 1
6 10 4 2 2 4 3 1
6 10 8 2 2 4 3 1
6 14 0 2 2 4 3 1
6 14 4 2 2 4 3 1
6 14 8 2 2 4 3 1
6 14 12 2 2 4 3 1
6 14 16 2 2 4 3 1
6 16 12 2 2 4 3 1
6 16 16 2 2 4 3 1
6 18 0 2 2 4 3 1
6 18 16 2 2 4 3 1
8 0 0 2 2 4 3 1
8 0 4 2 2 4 3 1
8 0 8 2 2 4 3 1
8 0 12 2 2 4 3 1
8 0 16 2 2 4 3 1
8 2 0 2 2 4 3 1
8 2 4 2 2 4 3 1
8 2 8 2 2 4 3 1
8 2 12 2 2 4 3 1
8 2 16 2 2 4 3 1
8 4 8 2 2 4 3 1
8 4 12 2 2 4 3 1
8 4 16 2 2 4 3 1
8 6 16 2 2 4 3 1
8 8 16 2 2 4 3 1
8 10 0 2 2 4 3 1
8 10 4 2 2 4 3 1
8 10 16 2 2 4 3 1
8 12 12 2 2 4 3 1
8 12 16 2 2 4 3 1
8 14 0 2 2 4 3 1
8 14 4 2 2 4 3 1
8 14 8 2 2 4 3 1
8 14 12 2 2 4 3 1
8 14 16 2 2 4 3 1
8 16 12 2 2 4 3 1
8 16 16 2 2 4 3 1
8 18 0 2 2 4 3 1
8 18 16 2 2 4 3 1
10 0 0 2 2 4 3 1
10 0 4 2 2 4 3 1
10 0 16 2 2 4 3 1
10 2 0 2 2 4 3 1
10 2 4 2 2 4 3 1
10 2 16 2 2 4 3 1
10 4 16 2 2 4 3 1
10 6 16 2 2 4 3 1
10 8 16 2 2 4 3 1
10 10 0 2 2 4 3 1
10 10 4 2 2 4 3 1
10 10 16 2 2 4 3 1
10 12 0 2 2 4 3 1
10 12 10 2 2 4 3 1
10 14 0 2 2 4 3 1
10 14 16 2 2 4 3 1
10 16 12 2 2 4 3 1
10 16 16 2 2 4 3 1
10 18 0 2 2 4 3 1
10 18 16 2 2 4 3 1
11 4 0 2 2 4 3 1
11 4 4 2 2 4 3 1
11 6 0 2 2 4 3 1
11 6 4 2 2 4 3 1
11 6 8 2 2 4 3 1
11 6 12 2 2 4 3 1
11 8 0 2 2 4 3 1
11 8 4 2 2 4 3 1
11 8 8 2 2 4 3 1
11 8 12 2 2 4 3 1
11 10 8 2 2 4 3 1
11 10 12 2 2 4 3 1
12 0 0 2 2 4 3 1
12 0 4 2 2 4 3 1
12 0 16 2 2 4 3 1
12 2 0 2 2 4 3 1
12 2 4 2 2 4 3 1
12 2 16 2 2 4 3 1
12 4 16 2 2 4 3 1
12 6 16 2 2 4 3 1
12 8 16 2 2 4 3 1
12 10 0 2 2 4 3 1
12 10 4 2 2 4 3 1
12 10 16 2 2 4 3 1
12 12 0 2 2 4 3 1
12 12 10 2 2 4 3 1
12 14 0 2 2 4 3 1
12 14 16 2 2 4 3 1
12 16 0 2 2 4 3 1
12 16 4 2 2 4 3 1
12 16 8 2 2 4 3 1
12 16 12 2 2 4 3 1
12 16 16 2 2 4 3 1
12 18 0 2 2 4 3 1
12 18 4 2 2 4 3 1
12 18 8 2 2 4 3 1
12 18 12 2 2 4 3 1
12 18 16 2 2 4 3 1
13 0 8 2 2 4 3 1
13 0 12 2 2 4 3 1
13 2 8 2 2 4 3 1
13 2 12 2 2 4 3 1
13 4 0 2 2 4 3 1
13 4 4 2 2 4 3 1
13 4 8 2 2 4 3 1
13 4 12 2 2 4 3 1
13 6 0 2 2 4 3 1
13 6 4 2 2 4 3 1
13 6 8 2 2 4 3 1
13 6 12 2 2 4 3 1
13 8 0 2 2 4 3 1
13 8 4 2 2 4 3 1
13 8 8 2 2 4 3 1
13 8 12 2 2 4 3 1
13 10 8 2 2 4 3 1
13 10 12 2 2 4 3 1
14 0 0 2 2 4 3 1
14 0 4 2 2 4 3 1
14 0 16 2 2 4 3 1
14 2 0 2 2 4 3 1
14 2 4 2 2 4 3 1
14 2 16 2 2 4 3 1
14 4 16 2 2 4 3 1
14 6 16 2 2 4 3 1
14 8 16 2 2 4 3 1
14 10 0 2 2 4 3 1
14 10 4 2 2 4 3 1
14 10 16 2 2 4 3 1
14 12 0 2 2 4 3 1
14 12 10 2 2 4 3 1
14 14 0 2 2 4 3 1
14 14 16 2 2 4 3 1
14 16 0 2 2 4 3 1
14 16 16 2 2 4 3 1
14 18 0 2 2 4 3 1
14 18 4 2 2 4 3 1
14 18 8 2 2 4 3 1
14 18 12 2 2 4 3 1
14 18 16 2 2 4 3 1
16 0 0 2 2 4 3 1
16 0 4 2 2 4 3 1
16 0 16 2 2 4 3 1
16 2 0 2 2 4 3 1
16 2 4 2 2 4 3 1
16 2 16 2 2 4 3 1
16 4 16 2 2 4 3 1
16 6 16 2 2 4 3 1
16 8 16 2 2 4 3 1
16 10 0 2 2 4 3 1
16 10 4 2 2 4 3 1
16 10 16 2 2 4 3 1
16 12 0 2 2 4 3 1
16 12 4 2 2 4 3 1
16 12 8 2 2 4 3 1
16 12 12 2 2 4 3 1
16 12 16 2 2 4 3 1
16 14 0 2 2 4 3 1
16 14 4 2 2 4 3 1
16 14 8 2 2 4 3 1
16 14 12 2 2 4 3 1
16 14 16 2 2 4 3 1
16 16 0 2 2 4 3 1
16 16 16 2 2 4 3 1
16 18 0 2 2 4 3 1
16 18 4 2 2 4 3 1
16 18 8 2 2 4 3 1
16 18 12 2 2 4 3 1
16 18 16 2 2 4 3 1
18 0 0 2 2 4 3 1
18 0 4 2 2 4 3 1
18 0 8 2 2 4 3 1
18 0 12 2 2 4 3 1
18 0 16 2 2 4 3 1
18 2 0 2 2 4 3 1
18 2 4 2 2 4 3 1
18 2 8 2 2 4 3 1
18 2 12 2 2 4 3 1
18 2 16 2 2 4 3 1
18 4 0 2 2 4 3 1
18 4 4 2 2 4 3 1
18 4 8 2 2 4 3 1
18 4 12 2 2 4 3 1
18 4 16 2 2 4 3 1
18 6 0 2 2 4 3 1
18 6 4 2 2 4 3 1
18 6 8 2 2 4 3 1
18 6 12 2 2 4 3 1
18 6 16 2 2 4 3 1
18 8 0 2 2 4 3 1
18 8 4 2 2 4 3 1
18 8 8 2 2 4 3 1
18 8 12 2 2 4 3 1
18 8 16 2 2 4 3 1
18 10 0 2 2 4 3 1
18 10 4 2 2 4 3 1
18 10 8 2 2 4 3 1
18 10 12 2 2 4 3 1
18 10 16 2 2 4 3 1
18 12 0 2 2 4 3 1
18 12 4 2 2 4 3 1
18 12 8 2 2 4 3 1
18 12 12 2 2 4 3 1
18 12 16 2 2 4 3 1
18 14 0 2 2 4 3 1
18 14 4 2 2 4 3 1
18 14 8 2 2 4 3 1
18 14 12 2 2 4 3 1
18 14 16 2 2 4 3 1
18 16 0 2 2 4 3 1
18 16 16 2 2 4 3 1
18 18 0 2 2 4 3 1
18 18 4 2 2 4 3 1
18 18 8 2 2 4 3 1
18 18 12 2 2 4 3 1
18 18 16 2 2 4 3 1
0 2 0 6 2 6 4 1
0 2 6 6 2 6 4 1
0 4 0 6 2 6 4 1
0 4 6 6 2 6 4 1
0 10 0 6 2 6 4 1
0 10 6 6 2 6 4 1
0 14 0 6 2 6 4 1
0 14 6 6 2 6 4 1
0 16 4 6 2 6 4 1
0 16 10 6 2 6 4 1
0 18 0 6 2 6 4 1
0 18 6 6 2 6 4 1
2 0 4 6 2 6 4 1
2 0 10 6 2 6 4 1
2 6 0 6 2 6 4 1
2 6 6 6 2 6 4 1
2 8 0 6 2 6 4 1
2 8 6 6 2 6 4 1
4 12 0 6 2 6 4 1
4 12 6 6 2 6 4 1
6 16 0 6 2 6 4 1
6 16 6 6 2 6 4 1
6 18 4 6 2 6 4 1
6 18 10 6 2 6 4 1
10 12 4 6 2 6 4 1
10 12 14 6 2 6 4 1
10 14 4 6 2 6 4 1
10 14 10 6 2 6 4 1
14 16 4 6 2 6 4 1
14 16 10 6 2 6 4 1
