20 20 20
0 0 16 7 3 4 1 1
0 3 16 7 3 4 1 1
0 5 0 7 3 4 1 1
0 6 12 7 3 4 1 1
0 6 16 7 3 4 1 1
0 8 0 7 3 4 1 1
0 9 12 7 3 4 1 1
0 9 16 7 3 4 1 1
0 11 0 7 3 4 1 1
0 14 0 7 3 4 1 1
0 17 0 7 3 4 1 1
0 17 12 7 3 4 1 1
0 17 16 7 3 4 1 1
7 12 8 7 3 4 1 1
7 12 12 7 3 4 1 1
13 0 8 7 3 4 1 1
13 3 8 7 3 4 1 1
13 5 12 7 3 4 1 1
13 5 16 7 3 4 1 1
13 6 8 7 3 4 1 1
13 8 16 7 3 4 1 1
13 9 8 7 3 4 1 1
13 9 12 7 3 4 1 1
13 11 16 7 3 4 1 1
13 14 16 7 3 4 1 1
13 17 16 7 3 4 1 1
7 0 0 6 6 5 3 1
7 0 5 6 6 5 3 1
7 0 10 6 6 5 3 1
7 0 15 6 6 5 3 1
7 6 0 6 6 5 3 1
7 6 5 6 6 5 3 1
7 6 10 6 6 5 3 1
7 6 15 6 6 5 3 1
7 12 0 6 8 4 4 1
7 12 4 6 8 4 4 1
7 12 16 6 8 4 4 1
14 12 8 6 8 4 4 1
14 12 12 6 8 4 4 1
0 0 0 7 5 8 5 1
0 0 8 7 5 8 5 1
0 5 4 7 5 8 5 1
0 10 4 7 5 8 5 1
0 12 12 7 5 8 5 1
0 15 4 7 5 8 5 1
7 15 8 7 5 8 5 1
13 0 0 7 5 8 5 1
13 0 12 7 5 8 5 1
13 5 0 7 5 8 5 1
13 10 0 7 5 8 5 1
13 15 0 7 5 8 5 1
