20 20 20
0 0 6 3 3 2 1 1
0 0 9 3 3 2 1 1
0 0 11 3 3 2 1 1
0 0 18 3 3 2 1 1
0 9 3 3 3 2 1 1
0 17 0 3 3 2 1 1
3 0 18 3 3 2 1 1
3 17 0 3 3 2 1 1
6 17 6 3 3 2 1 1
6 17 13 3 3 2 1 1
11 10 16 3 3 2 1 1
12 8 3 3 3 2 1 1
14 0 18 3 3 2 1 1
14 9 14 3 3 2 1 1
14 17 0 3 3 2 1 1
17 0 18 3 3 2 1 1
17 9 11 3 3 2 1 1
17 9 14 3 3 2 1 1
17 17 0 3 3 2 1 1
17 17 6 3 3 2 1 1
6 0 8 8 7 4 2 1
6 8 9 8 7 4 2 1
6 13 16 8 7 4 2 1
0 0 2 6 8 3 3 1
0 0 14 6 8 3 3 1
0 3 5 6 8 3 3 1
0 3 8 6 8 3 3 1
0 3 11 6 8 3 3 1
0 3 17 6 8 3 3 1
0 9 0 6 8 3 3 1
0 12 3 6 8 3 3 1
0 12 6 6 8 3 3 1
0 12 9 6 8 3 3 1
6 0 5 6 8 3 3 1
6 8 6 6 8 3 3 1
6 9 13 6 8 3 3 1
8 0 2 6 8 3 3 1
8 12 0 6 8 3 3 1
8 12 3 6 8 3 3 1
14 0 2 6 8 3 3 1
14 0 5 6 8 3 3 1
14 0 8 6 8 3 3 1
14 0 11 6 8 3 3 1
14 0 14 6 8 3 3 1
14 3 17 6 8 3 3 1
14 8 6 6 8 3 3 1
14 9 0 6 8 3 3 1
14 12 3 6 8 3 3 1
14 12 9 6 8 3 3 1
0 0 0 5 7 2 4 1
5 0 0 5 7 2 4 1
10 0 0 5 7 2 4 1
15 0 0 5 7 2 4 1
0 12 12 6 8 8 5 1
6 0 12 6 8 8 5 1
14 12 12 6 8 8 5 1
