20 20 20
0 0 0 9 5 4 2 1
0 0 4 9 5 4 2 1
0 0 8 9 5 4 2 1
0 0 12 9 5 4 2 1
0 0 16 9 5 4 2 1
10 0 0 9 5 4 2 1
10 0 4 9 5 4 2 1
10 0 8 9 5 4 2 1
10 0 12 9 5 4 2 1
10 0 16 9 5 4 2 1
0 5 0 5 8 3 3 1
0 5 3 5 8 3 3 1
0 5 6 5 8 3 3 1
0 5 14 5 8 3 3 1
0 5 17 5 8 3 3 1
0 12 11 5 8 3 3 1
5 5 0 5 8 3 3 1
5 5 3 5 8 3 3 1
5 5 6 5 8 3 3 1
5 5 14 5 8 3 3 1
5 5 17 5 8 3 3 1
5 12 11 5 8 3 3 1
10 5 0 5 8 3 3 1
10 5 3 5 8 3 3 1
10 5 6 5 8 3 3 1
10 5 14 5 8 3 3 1
10 5 17 5 8 3 3 1
10 12 11 5 8 3 3 1
15 5 6 5 8 3 3 1
15 5 14 5 8 3 3 1
15 5 17 5 8 3 3 1
15 12 0 5 8 3 3 1
15 12 3 5 8 3 3 1
15 12 11 5 8 3 3 1
0 5 9 4 7 5 4 1
0 13 6 4 7 5 4 1
4 5 9 4 7 5 4 1
4 13 6 4 7 5 4 1
8 5 9 4 7 5 4 1
8 13 6 4 7 5 4 1
12 5 9 4 7 5 4 1
12 13 6 4 7 5 4 1
16 5 9 4 7 5 4 1
16 13 6 4 7 5 4 1
0 13 0 5 7 6 5 1
0 13 14 5 7 6 5 1
5 13 0 5 7 6 5 1
5 13 14 5 7 6 5 1
10 13 0 5 7 6 5 1
10 13 14 5 7 6 5 1
15 5 0 5 7 6 5 1
15 13 14 5 7 6 5 1
