20 20 20
0 0 0 9 2 2 1 1
0 0 2 9 2 2 1 1
0 0 4 9 2 2 1 1
0 0 6 9 2 2 1 1
0 0 8 9 2 2 1 1
0 0 10 9 2 2 1 1
0 0 12 9 2 2 1 1
0 0 14 9 2 2 1 1
0 0 16 9 2 2 1 1
0 2 0 9 2 2 1 1
0 2 2 9 2 2 1 1
0 4 0 9 2 2 1 1
0 4 2 9 2 2 1 1
0 6 0 9 2 2 1 1
0 6 2 9 2 2 1 1
0 8 0 9 2 2 1 1
0 8 2 9 2 2 1 1
0 10 0 9 2 2 1 1
0 10 2 9 2 2 1 1
0 10 11 9 2 2 1 1
0 12 0 9 2 2 1 1
0 12 2 9 2 2 1 1
0 14 0 9 2 2 1 1
0 14 2 9 2 2 1 1
0 16 0 9 2 2 1 1
0 16 2 9 2 2 1 1
0 18 0 9 2 2 1 1
0 18 2 9 2 2 1 1
0 18 18 9 2 2 1 1
11 0 4 9 2 2 1 1
11 0 6 9 2 2 1 1
11 0 8 9 2 2 1 1
11 0 10 9 2 2 1 1
11 0 12 9 2 2 1 1
11 18 0 9 2 2 1 1
11 18 2 9 2 2 1 1
11 18 14 9 2 2 1 1
11 18 16 9 2 2 1 1
11 18 18 9 2 2 1 1
14 0 0 6 2 4 2 1
14 0 14 6 2 4 2 1
14 2 0 6 2 4 2 1
14 2 6 6 2 4 2 1
14 2 10 6 2 4 2 1
14 2 14 6 2 4 2 1
14 4 0 6 2 4 2 1
14 4 6 6 2 4 2 1
14 4 10 6 2 4 2 1
14 4 14 6 2 4 2 1
14 6 0 6 2 4 2 1
14 6 6 6 2 4 2 1
14 6 10 6 2 4 2 1
14 6 14 6 2 4 2 1
14 8 0 6 2 4 2 1
14 8 6 6 2 4 2 1
14 8 10 6 2 4 2 1
14 8 14 6 2 4 2 1
14 10 0 6 2 4 2 1
14 10 6 6 2 4 2 1
14 10 10 6 2 4 2 1
14 10 14 6 2 4 2 1
14 12 0 6 2 4 2 1
14 12 6 6 2 4 2 1
14 12 10 6 2 4 2 1
14 12 14 6 2 4 2 1
14 14 0 6 2 4 2 1
14 14 6 6 2 4 2 1
14 14 10 6 2 4 2 1
14 14 14 6 2 4 2 1
14 16 0 6 2 4 2 1
14 16 6 6 2 4 2 1
14 16 10 6 2 4 2 1
14 16 14 6 2 4 2 1
14 18 6 6 2 4 2 1
14 18 10 6 2 4 2 1
0 2 13 3 5 5 3 1
0 7 13 3 5 5 3 1
0 10 6 3 5 5 3 1
0 15 6 3 5 5 3 1
3 2 6 3 5 5 3 1
3 7 6 3 5 5 3 1
3 10 13 3 5 5 3 1
3 15 13 3 5 5 3 1
6 2 6 3 5 5 3 1
6 7 6 3 5 5 3 1
6 10 13 3 5 5 3 1
6 15 13 3 5 5 3 1
0 2 6 3 8 7 4 1
0 12 11 3 8 7 4 1
3 2 11 3 8 7 4 1
3 12 6 3 8 7 4 1
6 2 11 3 8 7 4 1
6 12 6 3 8 7 4 1
0 0 18 5 9 2 5 1
0 2 4 5 9 2 5 1
0 9 18 5 9 2 5 1
0 11 4 5 9 2 5 1
5 0 18 5 9 2 5 1
5 2 4 5 9 2 5 1
5 9 18 5 9 2 5 1
5 11 4 5 9 2 5 1
9 0 0 5 9 2 5 1
9 0 2 5 9 2 5 1
9 0 14 5 9 2 5 1
9 0 16 5 9 2 5 1
9 2 6 5 9 2 5 1
9 2 8 5 9 2 5 1
9 2 10 5 9 2 5 1
9 2 12 5 9 2 5 1
9 9 0 5 9 2 5 1
9 9 2 5 9 2 5 1
9 9 14 5 9 2 5 1
9 9 16 5 9 2 5 1
9 11 6 5 9 2 5 1
9 11 8 5 9 2 5 1
9 11 10 5 9 2 5 1
9 11 12 5 9 2 5 1
10 0 18 5 9 2 5 1
10 2 4 5 9 2 5 1
10 9 18 5 9 2 5 1
10 11 4 5 9 2 5 1
15 0 18 5 9 2 5 1
15 2 4 5 9 2 5 1
15 9 18 5 9 2 5 1
15 11 4 5 9 2 5 1
