20 20 20
0 11 6 7 3 7 1 1
7 11 6 7 3 7 1 1
7 11 13 7 3 7 1 1
0 2 0 9 4 5 2 1
0 4 5 9 4 5 2 1
0 4 10 9 4 5 2 1
0 4 15 9 4 5 2 1
5 14 0 9 4 5 2 1
5 14 5 9 4 5 2 1
5 14 10 9 4 5 2 1
5 14 15 9 4 5 2 1
0 6 0 5 3 5 3 1
0 8 5 5 3 5 3 1
0 8 10 5 3 5 3 1
0 8 15 5 3 5 3 1
0 9 0 5 3 5 3 1
0 11 15 5 3 5 3 1
0 14 0 5 3 5 3 1
0 14 5 5 3 5 3 1
0 14 10 5 3 5 3 1
0 14 15 5 3 5 3 1
0 17 0 5 3 5 3 1
0 17 5 5 3 5 3 1
0 17 10 5 3 5 3 1
0 17 15 5 3 5 3 1
5 6 0 5 3 5 3 1
5 8 5 5 3 5 3 1
5 8 10 5 3 5 3 1
5 8 15 5 3 5 3 1
5 9 0 5 3 5 3 1
10 8 0 5 3 5 3 1
10 8 5 5 3 5 3 1
10 8 10 5 3 5 3 1
10 8 15 5 3 5 3 1
10 11 0 5 3 5 3 1
15 0 0 5 3 5 3 1
15 0 5 5 3 5 3 1
15 0 10 5 3 5 3 1
15 0 15 5 3 5 3 1
15 3 0 5 3 5 3 1
15 3 5 5 3 5 3 1
15 3 10 5 3 5 3 1
15 3 15 5 3 5 3 1
15 8 0 5 3 5 3 1
15 8 5 5 3 5 3 1
15 8 10 5 3 5 3 1
15 8 15 5 3 5 3 1
15 11 0 5 3 5 3 1
15 11 5 5 3 5 3 1
15 11 10 5 3 5 3 1
15 11 15 5 3 5 3 1
0 0 0 9 2 6 4 1
0 0 7 9 2 6 4 1
0 0 14 9 2 6 4 1
0 2 7 9 2 6 4 1
0 2 14 9 2 6 4 1
0 12 0 9 2 6 4 1
5 18 0 9 2 6 4 1
5 18 7 9 2 6 4 1
5 18 14 9 2 6 4 1
11 6 0 9 2 6 4 1
11 6 7 9 2 6 4 1
11 6 14 9 2 6 4 1
9 0 0 6 6 6 5 1
9 0 7 6 6 6 5 1
9 0 14 6 6 6 5 1
14 14 0 6 6 6 5 1
14 14 7 6 6 6 5 1
14 14 14 6 6 6 5 1
