20 20 20
6 2 9 7 9 5 1 1
6 11 9 7 9 5 1 1
13 2 9 7 9 5 1 1
13 11 9 7 9 5 1 1
8 12 0 6 8 9 3 1
14 12 0 6 8 9 3 1
0 2 8 2 6 3 4 1
0 2 11 2 6 3 4 1
0 2 14 2 6 3 4 1
0 2 17 2 6 3 4 1
0 8 8 2 6 3 4 1
0 8 11 2 6 3 4 1
0 8 14 2 6 3 4 1
0 8 17 2 6 3 4 1
0 14 8 2 6 3 4 1
0 14 11 2 6 3 4 1
0 14 14 2 6 3 4 1
0 14 17 2 6 3 4 1
2 2 8 2 6 3 4 1
2 2 11 2 6 3 4 1
2 2 14 2 6 3 4 1
2 2 17 2 6 3 4 1
2 8 8 2 6 3 4 1
2 8 11 2 6 3 4 1
2 8 14 2 6 3 4 1
2 8 17 2 6 3 4 1
2 14 8 2 6 3 4 1
2 14 11 2 6 3 4 1
2 14 14 2 6 3 4 1
2 14 17 2 6 3 4 1
4 2 8 2 6 3 4 1
4 2 11 2 6 3 4 1
4 2 14 2 6 3 4 1
4 2 17 2 6 3 4 1
4 8 8 2 6 3 4 1
4 8 11 2 6 3 4 1
4 8 14 2 6 3 4 1
4 8 17 2 6 3 4 1
4 14 8 2 6 3 4 1
4 14 11 2 6 3 4 1
4 14 14 2 6 3 4 1
4 14 17 2 6 3 4 1
6 2 14 2 6 3 4 1
6 2 17 2 6 3 4 1
6 8 14 2 6 3 4 1
6 8 17 2 6 3 4 1
6 14 14 2 6 3 4 1
6 14 17 2 6 3 4 1
8 0 0 2 6 3 4 1
8 0 3 2 6 3 4 1
8 0 6 2 6 3 4 1
8 0 14 2 6 3 4 1
8 0 17 2 6 3 4 1
8 6 0 2 6 3 4 1
8 6 3 2 6 3 4 1
8 6 6 2 6 3 4 1
8 8 14 2 6 3 4 1
8 8 17 2 6 3 4 1
8 14 14 2 6 3 4 1
8 14 17 2 6 3 4 1
10 0 0 2 6 3 4 1
10 0 3 2 6 3 4 1
10 0 6 2 6 3 4 1
10 2 14 2 6 3 4 1
10 2 17 2 6 3 4 1
10 6 0 2 6 3 4 1
10 6 3 2 6 3 4 1
10 6 6 2 6 3 4 1
10 8 14 2 6 3 4 1
10 8 17 2 6 3 4 1
10 14 14 2 6 3 4 1
10 14 17 2 6 3 4 1
12 2 14 2 6 3 4 1
12 2 17 2 6 3 4 1
12 4 0 2 6 3 4 1
12 4 3 2 6 3 4 1
12 4 6 2 6 3 4 1
12 8 14 2 6 3 4 1
12 8 17 2 6 3 4 1
12 14 14 2 6 3 4 1
12 14 17 2 6 3 4 1
14 2 14 2 6 3 4 1
14 2 17 2 6 3 4 1
14 4 0 2 6 3 4 1
14 4 3 2 6 3 4 1
14 4 6 2 6 3 4 1
14 8 14 2 6 3 4 1
14 8 17 2 6 3 4 1
14 14 14 2 6 3 4 1
14 14 17 2 6 3 4 1
16 2 14 2 6 3 4 1
16 2 17 2 6 3 4 1
16 4 0 2 6 3 4 1
16 4 3 2 6 3 4 1
16 4 6 2 6 3 4 1
16 8 14 2 6 3 4 1
16 8 17 2 6 3 4 1
16 14 14 2 6 3 4 1
16 14 17 2 6 3 4 1
18 0 17 2 6 3 4 1
18 2 14 2 6 3 4 1
18 4 0 2 6 3 4 1
18 4 3 2 6 3 4 1
18 4 6 2 6 3 4 1
18 6 17 2 6 3 4 1
18 8 14 2 6 3 4 1
18 14 14 2 6 3 4 1
18 14 17 2 6 3 4 1
0 0 0 8 2 4 5 1
0 0 4 8 2 4 5 1
0 0 8 8 2 4 5 1
0 0 12 8 2 4 5 1
0 0 16 8 2 4 5 1
0 2 0 8 2 4 5 1
0 2 4 8 2 4 5 1
0 4 0 8 2 4 5 1
0 4 4 8 2 4 5 1
0 6 0 8 2 4 5 1
0 6 4 8 2 4 5 1
0 8 0 8 2 4 5 1
0 8 4 8 2 4 5 1
0 10 0 8 2 4 5 1
0 10 4 8 2 4 5 1
0 12 0 8 2 4 5 1
0 12 4 8 2 4 5 1
0 14 0 8 2 4 5 1
0 14 4 8 2 4 5 1
0 16 0 8 2 4 5 1
0 16 4 8 2 4 5 1
0 18 0 8 2 4 5 1
0 18 4 8 2 4 5 1
10 0 16 8 2 4 5 1
12 0 0 8 2 4 5 1
12 0 4 8 2 4 5 1
12 0 8 8 2 4 5 1
12 0 12 8 2 4 5 1
12 2 0 8 2 4 5 1
12 2 4 8 2 4 5 1
12 10 0 8 2 4 5 1
12 10 5 8 2 4 5 1
