20 20 20
9 0 12 5 9 8 2 1
9 9 12 5 9 8 2 1
15 0 0 5 9 8 2 1
15 9 0 5 9 8 2 1
0 0 0 3 6 4 3 1
0 0 4 3 6 4 3 1
0 0 8 3 6 4 3 1
0 0 12 3 6 4 3 1
0 0 16 3 6 4 3 1
0 14 0 3 6 4 3 1
0 14 4 3 6 4 3 1
0 14 8 3 6 4 3 1
0 14 12 3 6 4 3 1
0 14 16 3 6 4 3 1
3 0 0 3 6 4 3 1
3 0 4 3 6 4 3 1
3 0 8 3 6 4 3 1
3 0 12 3 6 4 3 1
3 0 16 3 6 4 3 1
3 14 0 3 6 4 3 1
3 14 4 3 6 4 3 1
3 14 12 3 6 4 3 1
3 14 16 3 6 4 3 1
5 14 8 3 6 4 3 1
6 0 0 3 6 4 3 1
6 0 4 3 6 4 3 1
6 0 8 3 6 4 3 1
6 0 12 3 6 4 3 1
6 0 16 3 6 4 3 1
6 14 0 3 6 4 3 1
6 14 4 3 6 4 3 1
6 14 12 3 6 4 3 1
6 14 16 3 6 4 3 1
8 14 8 3 6 4 3 1
9 0 0 3 6 4 3 1
9 0 4 3 6 4 3 1
9 6 4 3 6 4 3 1
9 8 0 3 6 4 3 1
9 14 0 3 6 4 3 1
9 14 4 3 6 4 3 1
11 8 8 3 6 4 3 1
11 14 8 3 6 4 3 1
12 0 0 3 6 4 3 1
12 0 4 3 6 4 3 1
12 6 0 3 6 4 3 1
12 6 4 3 6 4 3 1
12 14 0 3 6 4 3 1
12 14 4 3 6 4 3 1
14 0 12 3 6 4 3 1
14 0 16 3 6 4 3 1
14 6 16 3 6 4 3 1
14 8 8 3 6 4 3 1
14 8 12 3 6 4 3 1
14 14 8 3 6 4 3 1
14 14 12 3 6 4 3 1
14 14 16 3 6 4 3 1
17 0 12 3 6 4 3 1
17 0 16 3 6 4 3 1
17 6 16 3 6 4 3 1
17 8 8 3 6 4 3 1
17 8 12 3 6 4 3 1
17 14 8 3 6 4 3 1
17 14 12 3 6 4 3 1
17 14 16 3 6 4 3 1
0 6 0 9 8 5 4 1
0 6 5 9 8 5 4 1
0 6 10 9 8 5 4 1
0 6 15 9 8 5 4 1
11 0 8 9 8 4 5 1
