         1        20        20        20
        54         3         2         9       148        20         1         6

         1        20        20        20
        12         2         2         3       666         7         1         0

         1        20        20        20
        32         4         2         4       250         3         2         8

         1        20        20        20
        60         6         2         5       133        12         2         9

         1        20        20        20
       392         7         8         7        20        19         7        12

         1        20        20        20
       192         8         4         6        41         7         1        19

         1        20        20        20
       180         4         9         5        44         4        22         5

         1        20        20        20
        18         2         3         3       444         2         1         1

         1        20        20        20
       243         9         3         9        32        12         3         0

         1        20        20        20
       360         9         5         8        22         8        12         3