         1        10        10        10
        12         3         2         2        83         4         2         8

         1        10        10        10
         4         1         4         1       250         1        11         2

         1        10        10        10
        12         4         3         1        83         0         6         1

         1        10        10        10
         8         2         1         4       125         4         2         0

         1        10        10        10
        18         3         2         3        55         2         4         5

         1        10        10        10
        16         4         1         4        62        10         0        11

         1        10        10        10
         2         2         1         1       500         0         2         5

         1        10        10        10
         8         4         2         1       125         0         1         6

         1        10        10        10
        16         4         4         1        62         1         3         9

         1        10        10        10
        12         4         3         1        83         1         5         4