         1        30        30        30
       960         8        12        10        28        19        19        16

         1        30        30        30
       231         3         7        11       116         8         2         3

         1        30        30        30
       432        12         6         6        62         1         3        24

         1        30        30        30
       108         6         3         6       250        10         6         9

         1        30        30        30
       819         7         9        13        32         8        26        10

         1        30        30        30
       756         9        12         7        35        14        30         7

         1        30        30        30
       468         4        13         9        57        26        36         2

         1        30        30        30
      1040         8        13        10        25        14        25         1

         1        30        30        30
       728        13         8         7        37        20         9        32

         1        30        30        30
       576         9         8         8        46        22        13         6