30 30 30
0 0 0 5 4 6 1 1
0 0 6 5 4 6 1 1
0 0 12 5 4 6 1 1
0 0 18 5 4 6 1 1
0 0 24 5 4 6 1 1
0 4 0 5 4 6 1 1
0 4 6 5 4 6 1 1
0 4 12 5 4 6 1 1
0 4 18 5 4 6 1 1
0 4 24 5 4 6 1 1
0 8 6 5 4 6 1 1
0 8 12 5 4 6 1 1
0 10 0 5 4 6 1 1
0 12 6 5 4 6 1 1
0 14 0 5 4 6 1 1
0 14 12 5 4 6 1 1
0 17 6 5 4 6 1 1
0 18 0 5 4 6 1 1
0 18 12 5 4 6 1 1
0 18 18 5 4 6 1 1
0 18 24 5 4 6 1 1
0 22 0 5 4 6 1 1
0 22 6 5 4 6 1 1
0 22 12 5 4 6 1 1
0 22 18 5 4 6 1 1
0 22 24 5 4 6 1 1
0 26 0 5 4 6 1 1
0 26 6 5 4 6 1 1
0 26 12 5 4 6 1 1
0 26 18 5 4 6 1 1
0 26 24 5 4 6 1 1
5 0 0 5 4 6 1 1
5 0 6 5 4 6 1 1
5 0 12 5 4 6 1 1
5 0 18 5 4 6 1 1
5 0 24 5 4 6 1 1
5 4 12 5 4 6 1 1
5 4 18 5 4 6 1 1
5 4 24 5 4 6 1 1
5 8 12 5 4 6 1 1
5 12 12 5 4 6 1 1
5 14 0 5 4 6 1 1
5 14 6 5 4 6 1 1
5 16 12 5 4 6 1 1
5 18 0 5 4 6 1 1
5 18 6 5 4 6 1 1
5 18 24 5 4 6 1 1
5 22 0 5 4 6 1 1
5 22 6 5 4 6 1 1
5 22 24 5 4 6 1 1
5 26 0 5 4 6 1 1
5 26 6 5 4 6 1 1
5 26 24 5 4 6 1 1
10 0 12 5 4 6 1 1
10 0 18 5 4 6 1 1
10 0 24 5 4 6 1 1
10 4 12 5 4 6 1 1
10 4 18 5 4 6 1 1
10 4 24 5 4 6 1 1
10 8 12 5 4 6 1 1
10 12 12 5 4 6 1 1
10 14 0 5 4 6 1 1
10 14 6 5 4 6 1 1
10 16 12 5 4 6 1 1
10 18 0 5 4 6 1 1
10 18 6 5 4 6 1 1
10 18 24 5 4 6 1 1
10 22 0 5 4 6 1 1
10 22 6 5 4 6 1 1
10 22 24 5 4 6 1 1
10 26 0 5 4 6 1 1
10 26 6 5 4 6 1 1
10 26 24 5 4 6 1 1
11 0 0 5 4 6 1 1
11 0 6 5 4 6 1 1
14 8 18 5 4 6 1 1
14 10 24 5 4 6 1 1
14 12 18 5 4 6 1 1
14 14 24 5 4 6 1 1
14 16 18 5 4 6 1 1
15 3 12 5 4 6 1 1
15 3 18 5 4 6 1 1
15 3 24 5 4 6 1 1
15 7 12 5 4 6 1 1
15 11 12 5 4 6 1 1
15 14 0 5 4 6 1 1
15 14 6 5 4 6 1 1
15 15 12 5 4 6 1 1
15 18 0 5 4 6 1 1
15 18 6 5 4 6 1 1
15 18 24 5 4 6 1 1
15 22 0 5 4 6 1 1
15 22 6 5 4 6 1 1
15 22 24 5 4 6 1 1
15 26 0 5 4 6 1 1
15 26 6 5 4 6 1 1
15 26 24 5 4 6 1 1
20 3 12 5 4 6 1 1
20 3 18 5 4 6 1 1
20 3 24 5 4 6 1 1
20 7 12 5 4 6 1 1
20 11 12 5 4 6 1 1
20 14 0 5 4 6 1 1
20 14 6 5 4 6 1 1
20 15 12 5 4 6 1 1
20 18 0 5 4 6 1 1
20 18 6 5 4 6 1 1
20 18 24 5 4 6 1 1
20 22 0 5 4 6 1 1
20 22 6 5 4 6 1 1
20 22 24 5 4 6 1 1
20 26 0 5 4 6 1 1
20 26 6 5 4 6 1 1
20 26 24 5 4 6 1 1
25 3 12 5 4 6 1 1
25 3 18 5 4 6 1 1
25 3 24 5 4 6 1 1
25 7 12 5 4 6 1 1
25 11 12 5 4 6 1 1
25 14 0 5 4 6 1 1
25 14 6 5 4 6 1 1
25 15 12 5 4 6 1 1
25 18 0 5 4 6 1 1
25 18 6 5 4 6 1 1
25 18 24 5 4 6 1 1
25 22 0 5 4 6 1 1
25 22 6 5 4 6 1 1
25 22 24 5 4 6 1 1
25 26 0 5 4 6 1 1
25 26 6 5 4 6 1 1
25 26 24 5 4 6 1 1
0 8 18 14 10 12 2 1
5 4 0 14 10 12 2 1
5 20 12 14 10 12 2 1
19 3 0 11 11 12 3 1
19 7 18 11 11 12 3 1
19 19 12 11 11 12 3 1
16 0 0 14 3 14 4 1
16 0 14 14 3 14 4 1
