30 30 30
0 0 0 5 9 13 2 1
0 0 13 5 9 13 2 1
0 9 0 5 9 13 2 1
5 0 0 5 9 13 2 1
5 0 13 5 9 13 2 1
5 9 0 5 9 13 2 1
10 0 0 5 9 13 2 1
10 0 13 5 9 13 2 1
10 9 0 5 9 13 2 1
15 0 0 5 9 13 2 1
15 0 13 5 9 13 2 1
15 12 0 5 9 13 2 1
20 0 0 5 9 13 2 1
20 0 13 5 9 13 2 1
20 12 0 5 9 13 2 1
20 21 0 5 9 13 2 1
20 21 13 5 9 13 2 1
25 0 0 5 9 13 2 1
25 0 13 5 9 13 2 1
25 12 0 5 9 13 2 1
25 21 0 5 9 13 2 1
25 21 13 5 9 13 2 1
0 19 0 14 3 11 3 1
16 9 0 14 3 11 3 1
16 9 13 14 3 11 3 1
16 12 13 14 3 11 3 1
16 15 13 14 3 11 3 1
16 18 13 14 3 11 3 1
0 22 0 5 8 10 4 1
0 22 10 5 8 10 4 1
0 22 20 5 8 10 4 1
5 22 0 5 8 10 4 1
5 22 10 5 8 10 4 1
5 22 20 5 8 10 4 1
10 22 0 5 8 10 4 1
10 22 10 5 8 10 4 1
10 22 20 5 8 10 4 1
15 22 0 5 8 10 4 1
15 22 10 5 8 10 4 1
15 22 20 5 8 10 4 1
0 9 13 8 13 11 5 1
8 9 13 8 13 11 5 1
