30 30 30
0 16 15 11 14 14 1 1
23 7 3 7 8 6 2 1
23 7 9 7 8 6 2 1
23 14 18 7 8 6 2 1
23 14 24 7 8 6 2 1
23 15 0 7 8 6 2 1
23 15 6 7 8 6 2 1
23 15 12 7 8 6 2 1
6 0 0 4 12 14 3 1
10 0 0 4 12 14 3 1
14 0 0 4 12 14 3 1
19 7 0 4 12 14 3 1
0 0 0 6 7 14 4 1
0 0 15 6 7 14 4 1
0 7 0 6 7 14 4 1
0 7 15 6 7 14 4 1
0 15 0 6 7 14 4 1
0 23 0 6 7 14 4 1
6 0 15 6 7 14 4 1
6 7 15 6 7 14 4 1
6 23 0 6 7 14 4 1
11 15 15 6 7 14 4 1
11 23 15 6 7 14 4 1
12 0 15 6 7 14 4 1
12 8 15 6 7 14 4 1
12 23 0 6 7 14 4 1
17 16 15 6 7 14 4 1
17 23 15 6 7 14 4 1
18 0 0 6 7 14 4 1
18 0 15 6 7 14 4 1
18 7 15 6 7 14 4 1
18 23 0 6 7 14 4 1
24 0 0 6 7 14 4 1
24 0 15 6 7 14 4 1
24 7 15 6 7 14 4 1
24 23 0 6 7 14 4 1
24 23 15 6 7 14 4 1
6 12 0 13 11 3 5 1
6 12 3 13 11 3 5 1
6 12 6 13 11 3 5 1
6 12 9 13 11 3 5 1
6 12 12 13 11 3 5 1
