30 30 30
0 0 0 8 3 3 1 1
0 0 3 8 3 3 1 1
0 0 6 8 3 3 1 1
0 0 9 8 3 3 1 1
0 0 12 8 3 3 1 1
0 0 15 8 3 3 1 1
0 0 18 8 3 3 1 1
0 0 21 8 3 3 1 1
0 0 24 8 3 3 1 1
0 0 27 8 3 3 1 1
0 3 0 8 3 3 1 1
0 3 3 8 3 3 1 1
0 3 6 8 3 3 1 1
0 3 9 8 3 3 1 1
0 3 12 8 3 3 1 1
0 3 15 8 3 3 1 1
0 3 18 8 3 3 1 1
0 3 21 8 3 3 1 1
0 3 24 8 3 3 1 1
0 3 27 8 3 3 1 1
0 6 0 8 3 3 1 1
0 6 3 8 3 3 1 1
0 6 6 8 3 3 1 1
0 6 9 8 3 3 1 1
0 6 12 8 3 3 1 1
0 6 15 8 3 3 1 1
0 6 18 8 3 3 1 1
0 6 21 8 3 3 1 1
0 6 24 8 3 3 1 1
0 6 27 8 3 3 1 1
0 9 0 8 3 3 1 1
0 9 3 8 3 3 1 1
0 9 6 8 3 3 1 1
0 9 9 8 3 3 1 1
0 9 12 8 3 3 1 1
0 9 15 8 3 3 1 1
0 9 18 8 3 3 1 1
0 9 21 8 3 3 1 1
0 9 24 8 3 3 1 1
0 9 27 8 3 3 1 1
0 12 0 8 3 3 1 1
0 12 3 8 3 3 1 1
0 12 6 8 3 3 1 1
0 12 9 8 3 3 1 1
0 12 12 8 3 3 1 1
0 12 15 8 3 3 1 1
0 12 18 8 3 3 1 1
0 12 21 8 3 3 1 1
0 12 24 8 3 3 1 1
0 12 27 8 3 3 1 1
0 15 0 8 3 3 1 1
0 15 3 8 3 3 1 1
0 15 6 8 3 3 1 1
0 15 9 8 3 3 1 1
0 15 12 8 3 3 1 1
0 15 15 8 3 3 1 1
0 15 18 8 3 3 1 1
0 15 21 8 3 3 1 1
0 15 24 8 3 3 1 1
0 15 27 8 3 3 1 1
0 18 0 8 3 3 1 1
0 18 3 8 3 3 1 1
0 18 6 8 3 3 1 1
0 18 9 8 3 3 1 1
0 18 12 8 3 3 1 1
0 18 15 8 3 3 1 1
0 18 18 8 3 3 1 1
0 18 21 8 3 3 1 1
0 18 24 8 3 3 1 1
0 18 27 8 3 3 1 1
0 21 0 8 3 3 1 1
0 21 3 8 3 3 1 1
0 21 6 8 3 3 1 1
0 21 9 8 3 3 1 1
0 21 12 8 3 3 1 1
0 21 15 8 3 3 1 1
0 21 18 8 3 3 1 1
0 21 21 8 3 3 1 1
0 21 24 8 3 3 1 1
0 21 27 8 3 3 1 1
0 24 0 8 3 3 1 1
0 24 3 8 3 3 1 1
0 24 6 8 3 3 1 1
0 24 9 8 3 3 1 1
0 24 12 8 3 3 1 1
0 24 15 8 3 3 1 1
0 24 18 8 3 3 1 1
0 24 21 8 3 3 1 1
0 24 24 8 3 3 1 1
0 24 27 8 3 3 1 1
0 27 0 8 3 3 1 1
0 27 3 8 3 3 1 1
0 27 6 8 3 3 1 1
0 27 9 8 3 3 1 1
0 27 12 8 3 3 1 1
0 27 15 8 3 3 1 1
0 27 18 8 3 3 1 1
0 27 21 8 3 3 1 1
0 27 24 8 3 3 1 1
0 27 27 8 3 3 1 1
8 0 0 8 3 3 1 1
8 0 3 8 3 3 1 1
8 0 6 8 3 3 1 1
8 0 9 8 3 3 1 1
8 0 12 8 3 3 1 1
8 0 15 8 3 3 1 1
8 0 18 8 3 3 1 1
8 0 21 8 3 3 1 1
8 0 24 8 3 3 1 1
8 0 27 8 3 3 1 1
8 3 0 8 3 3 1 1
8 3 3 8 3 3 1 1
8 3 6 8 3 3 1 1
8 3 9 8 3 3 1 1
8 3 12 8 3 3 1 1
8 3 15 8 3 3 1 1
8 3 18 8 3 3 1 1
8 3 21 8 3 3 1 1
8 3 24 8 3 3 1 1
8 3 27 8 3 3 1 1
8 6 0 8 3 3 1 1
8 6 3 8 3 3 1 1
8 6 6 8 3 3 1 1
8 6 9 8 3 3 1 1
8 6 12 8 3 3 1 1
8 6 15 8 3 3 1 1
8 6 18 8 3 3 1 1
8 6 21 8 3 3 1 1
8 6 24 8 3 3 1 1
8 6 27 8 3 3 1 1
8 9 0 8 3 3 1 1
8 9 3 8 3 3 1 1
8 9 6 8 3 3 1 1
8 9 9 8 3 3 1 1
8 9 12 8 3 3 1 1
8 9 15 8 3 3 1 1
8 9 18 8 3 3 1 1
8 9 21 8 3 3 1 1
8 9 24 8 3 3 1 1
8 9 27 8 3 3 1 1
8 12 0 8 3 3 1 1
8 12 3 8 3 3 1 1
8 12 6 8 3 3 1 1
8 12 9 8 3 3 1 1
8 12 12 8 3 3 1 1
8 12 15 8 3 3 1 1
8 12 18 8 3 3 1 1
8 12 21 8 3 3 1 1
8 12 24 8 3 3 1 1
8 12 27 8 3 3 1 1
8 15 0 8 3 3 1 1
8 15 3 8 3 3 1 1
8 15 6 8 3 3 1 1
8 15 9 8 3 3 1 1
8 15 12 8 3 3 1 1
8 15 15 8 3 3 1 1
8 15 18 8 3 3 1 1
8 15 21 8 3 3 1 1
8 15 24 8 3 3 1 1
8 15 27 8 3 3 1 1
8 18 0 8 3 3 1 1
8 18 3 8 3 3 1 1
8 18 6 8 3 3 1 1
8 18 9 8 3 3 1 1
8 18 12 8 3 3 1 1
8 18 15 8 3 3 1 1
8 18 18 8 3 3 1 1
8 18 21 8 3 3 1 1
8 18 24 8 3 3 1 1
8 18 27 8 3 3 1 1
8 21 0 8 3 3 1 1
8 21 3 8 3 3 1 1
8 21 6 8 3 3 1 1
8 21 9 8 3 3 1 1
8 21 12 8 3 3 1 1
8 21 15 8 3 3 1 1
8 21 18 8 3 3 1 1
8 21 21 8 3 3 1 1
8 21 24 8 3 3 1 1
8 21 27 8 3 3 1 1
16 0 0 6 13 14 2 1
16 0 14 6 13 14 2 1
16 13 0 6 13 14 2 1
16 13 14 6 13 14 2 1
22 0 0 6 13 14 2 1
22 0 14 6 13 14 2 1
22 13 0 6 13 14 2 1
22 13 14 6 13 14 2 1
8 24 0 4 4 13 3 1
8 24 13 4 4 13 3 1
12 24 0 4 4 13 3 1
12 24 13 4 4 13 3 1
16 26 0 4 4 13 3 1
16 26 13 4 4 13 3 1
20 26 0 4 4 13 3 1
20 26 13 4 4 13 3 1
24 26 0 4 4 13 3 1
24 26 13 4 4 13 3 1
