30 30 30
0 0 0 5 9 9 1 1
0 0 9 5 9 9 1 1
0 0 18 5 9 9 1 1
0 9 0 5 9 9 1 1
0 9 9 5 9 9 1 1
0 9 18 5 9 9 1 1
0 18 0 5 9 9 1 1
0 18 9 5 9 9 1 1
0 18 18 5 9 9 1 1
5 0 0 5 9 9 1 1
5 0 9 5 9 9 1 1
5 0 18 5 9 9 1 1
5 9 0 5 9 9 1 1
5 9 9 5 9 9 1 1
5 9 18 5 9 9 1 1
5 18 0 5 9 9 1 1
5 18 9 5 5 7 2 1
5 18 16 5 5 7 2 1
5 18 23 5 5 7 2 1
5 23 9 5 5 7 2 1
5 23 16 5 5 7 2 1
5 23 23 5 5 7 2 1
10 0 0 5 5 7 2 1
10 0 7 5 5 7 2 1
10 0 14 5 5 7 2 1
10 0 21 5 5 7 2 1
10 5 0 5 5 7 2 1
10 5 7 5 5 7 2 1
10 5 14 5 5 7 2 1
10 5 21 5 5 7 2 1
10 10 0 5 5 7 2 1
10 10 7 5 5 7 2 1
10 10 14 5 5 7 2 1
10 10 21 5 5 7 2 1
10 15 0 5 5 7 2 1
10 15 7 5 5 7 2 1
10 15 14 5 5 7 2 1
10 15 21 5 5 7 2 1
10 20 0 5 5 7 2 1
10 20 7 5 5 7 2 1
10 20 14 5 5 7 2 1
10 20 21 5 5 7 2 1
10 25 0 5 5 7 2 1
10 25 7 5 5 7 2 1
10 25 14 5 5 7 2 1
10 25 21 5 5 7 2 1
15 0 0 5 5 7 2 1
15 0 7 5 5 7 2 1
15 0 14 5 5 7 2 1
15 0 21 5 5 7 2 1
15 5 0 5 5 7 2 1
15 5 7 5 5 7 2 1
15 5 14 5 5 7 2 1
15 5 21 5 5 7 2 1
15 10 0 5 5 7 2 1
15 10 7 5 5 7 2 1
15 10 14 5 5 7 2 1
15 10 21 5 5 7 2 1
15 15 0 5 5 7 2 1
15 15 7 5 5 7 2 1
15 15 14 5 5 7 2 1
15 15 21 5 5 7 2 1
15 20 0 5 5 7 2 1
15 20 7 5 5 7 2 1
15 20 14 5 5 7 2 1
15 20 21 5 5 7 2 1
15 25 0 5 5 7 2 1
15 25 7 5 5 7 2 1
15 25 14 5 5 7 2 1
15 25 21 5 5 7 2 1
20 0 0 5 5 7 2 1
20 0 7 5 5 7 2 1
20 0 14 5 5 7 2 1
20 0 21 5 5 7 2 1
20 5 0 5 5 7 2 1
20 5 7 5 5 7 2 1
20 5 14 5 5 7 2 1
20 5 21 5 5 7 2 1
20 10 0 5 5 7 2 1
20 10 7 5 5 7 2 1
20 10 14 5 5 7 2 1
20 10 21 5 5 7 2 1
20 15 0 5 5 7 2 1
20 15 7 5 5 7 2 1
20 15 14 5 5 7 2 1
20 15 21 5 5 7 2 1
20 20 0 5 5 7 2 1
20 20 7 5 5 7 2 1
20 20 14 5 5 7 2 1
20 20 21 5 5 7 2 1
20 25 0 5 5 7 2 1
20 25 7 5 5 7 2 1
20 25 14 5 5 7 2 1
20 25 21 5 5 7 2 1
25 0 0 5 5 7 2 1
25 0 7 5 5 7 2 1
25 0 14 5 5 7 2 1
25 0 21 5 5 7 2 1
25 5 0 5 5 7 2 1
25 5 7 5 5 7 2 1
25 5 14 5 5 7 2 1
25 5 21 5 5 7 2 1
25 10 0 5 5 7 2 1
25 10 7 5 5 7 2 1
25 10 14 5 5 7 2 1
25 10 21 5 5 7 2 1
25 15 0 5 5 7 2 1
25 15 7 5 5 7 2 1
25 15 14 5 5 7 2 1
25 15 21 5 5 7 2 1
25 20 0 5 5 7 2 1
25 20 7 5 5 7 2 1
25 20 14 5 5 7 2 1
25 20 21 5 5 7 2 1
25 25 0 5 5 7 2 1
25 25 7 5 5 7 2 1
25 25 14 5 5 7 2 1
25 25 21 5 5 7 2 1
