30 30 30
0 0 5 14 13 8 1 1
0 0 13 14 13 8 1 1
16 16 12 14 13 8 1 1
0 13 10 9 3 11 2 1
0 27 0 9 3 11 2 1
11 13 10 9 3 11 2 1
11 27 0 9 3 11 2 1
21 13 8 9 3 11 2 1
21 13 19 9 3 11 2 1
21 27 0 9 3 11 2 1
0 0 0 14 13 5 3 1
0 13 0 14 13 5 3 1
0 13 5 14 13 5 3 1
0 16 11 14 13 5 3 1
0 16 16 14 13 5 3 1
16 0 0 14 13 5 3 1
16 0 5 14 13 5 3 1
16 0 10 14 13 5 3 1
16 0 15 14 13 5 3 1
16 0 20 14 13 5 3 1
16 0 25 14 13 5 3 1
16 16 20 14 13 5 3 1
16 16 25 14 13 5 3 1
19 13 0 11 13 3 4 1
0 0 21 5 10 9 5 1
0 10 21 5 10 9 5 1
0 20 21 5 10 9 5 1
5 0 21 5 10 9 5 1
5 10 21 5 10 9 5 1
5 20 21 5 10 9 5 1
10 10 21 5 10 9 5 1
10 20 21 5 10 9 5 1
11 0 21 5 10 9 5 1
14 16 3 5 10 9 5 1
20 16 3 5 10 9 5 1
25 16 3 5 10 9 5 1
