30 30 30
5 19 0 8 11 10 1 1
6 19 10 8 11 10 1 1
6 19 20 8 11 10 1 1
7 0 0 8 11 10 1 1
7 0 10 8 11 10 1 1
7 0 20 8 11 10 1 1
14 19 10 8 11 10 1 1
14 19 20 8 11 10 1 1
15 0 0 8 11 10 1 1
15 0 10 8 11 10 1 1
15 0 20 8 11 10 1 1
22 19 10 8 11 10 1 1
22 19 20 8 11 10 1 1
0 18 15 3 4 13 2 1
0 22 15 3 4 13 2 1
0 26 15 3 4 13 2 1
3 18 15 3 4 13 2 1
3 22 15 3 4 13 2 1
3 26 15 3 4 13 2 1
7 11 0 3 4 13 2 1
7 11 15 3 4 13 2 1
7 15 0 3 4 13 2 1
7 15 15 3 4 13 2 1
10 11 0 3 4 13 2 1
10 11 15 3 4 13 2 1
10 15 0 3 4 13 2 1
10 15 15 3 4 13 2 1
13 15 15 3 4 13 2 1
14 11 15 3 4 13 2 1
17 11 15 3 4 13 2 1
17 15 15 3 4 13 2 1
20 11 0 3 4 13 2 1
20 11 15 3 4 13 2 1
20 15 15 3 4 13 2 1
0 0 0 7 9 10 3 1
0 0 10 7 9 10 3 1
0 0 20 7 9 10 3 1
0 9 0 7 9 10 3 1
0 9 10 7 9 10 3 1
0 9 20 7 9 10 3 1
13 11 0 7 9 10 3 1
13 21 0 7 9 10 3 1
23 0 0 7 9 10 3 1
23 0 10 7 9 10 3 1
23 0 20 7 9 10 3 1
23 9 0 7 9 10 3 1
23 9 10 7 9 10 3 1
23 9 20 7 9 10 3 1
0 18 0 5 6 5 4 1
0 18 5 5 6 5 4 1
0 18 10 5 6 5 4 1
0 24 0 5 6 5 4 1
0 24 5 5 6 5 4 1
0 24 10 5 6 5 4 1
13 13 10 5 6 5 4 1
20 18 0 5 6 5 4 1
20 18 5 5 6 5 4 1
20 24 0 5 6 5 4 1
20 24 5 5 6 5 4 1
25 18 0 5 6 5 4 1
25 18 5 5 6 5 4 1
25 24 0 5 6 5 4 1
25 24 5 5 6 5 4 1
