         5        30        30        30
       175         7         5         5       113         0
       150         5         3        10        30        17
       360         3        10        12        15        23
       637        13         7         7        16        20
        96         6         4         4        76         7

         5        30        30        30
      2156        11        14        14         1        41
       336         7         8         6         7         9
       672         4        12        14        26         7
       588         6         7        14        25        26
       429        13        11         3         7         2

         5        30        30        30
       120         5         4         6       141         0
      1680        14        10        12         6        19
      1452        11        11        12         3        20
       588        14         3        14        24        40
      1848        12        11        14         1        14

         5        30        30        30
       429         3        13        11         2         5
       585         5         9        13        23        14
       462        14         3        11        32         9
       400         5         8        10        14         7
      1144         8        13        11        10        31

         5        30        30        30
        72         8         3         3       180         1
      1092         6        13        14         9        20
       208         4         4        13        53         1
      1053         9         9        13         2        30
      1568         8        14        14         7        25

         5        30        30        30
       315         7         5         9         5        18
       280         4        14         5        14         9
       585        13         5         9         2        22
       210        14         5         3        70         8
      1386        14        11         9         8        25

         5        30        30        30
      1456        14        13         8         9        12
       297         9         3        11        59        26
       910        14        13         5        21         8
       429        11        13         3         1         3
       450         5        10         9        12        22

         5        30        30        30
       405         5         9         9        16        21
       175         5         5         7       121         9
       576        12         8         6         3        17
      1872        12        12        13         8        29
       150         3         5        10       135        24

         5        30        30        30
       880         8        11        10        16         9
       156         3         4        13        21        10
       630         7         9        10        18        14
       150         5         6         5        17        12
      1573        11        11        13         7         8

         5        30        30        30
       756         7        12         9        12        10
       352         4         8        11         2        25
      1078        11         7        14        16        21
      1053         9         9        13         9         2
      1540        14        11        10         5         1