10 10 10
0 1 2 2 4 3 2 1
0 1 5 2 4 3 2 1
0 5 2 2 4 3 2 1
0 5 5 2 4 3 2 1
8 1 2 2 4 3 2 1
8 1 5 2 4 3 2 1
8 5 2 2 4 3 2 1
8 5 5 2 4 3 2 1
0 0 0 3 2 2 7 1
0 0 8 3 2 2 7 1
0 8 0 3 2 2 7 1
0 8 8 3 2 2 7 1
2 0 2 3 2 2 7 1
2 0 4 3 2 2 7 1
2 0 6 3 2 2 7 1
2 8 2 3 2 2 7 1
2 8 4 3 2 2 7 1
2 8 6 3 2 2 7 1
5 0 2 3 2 2 7 1
5 0 4 3 2 2 7 1
5 0 6 3 2 2 7 1
5 8 2 3 2 2 7 1
5 8 4 3 2 2 7 1
5 8 6 3 2 2 7 1
7 0 0 3 2 2 7 1
7 0 8 3 2 2 7 1
7 8 0 3 2 2 7 1
7 8 8 3 2 2 7 1
3 0 0 2 2 2 9 1
3 0 8 2 2 2 9 1
3 8 0 2 2 2 9 1
3 8 8 2 2 2 9 1
5 0 0 2 2 2 9 1
5 0 8 2 2 2 9 1
5 8 0 2 2 2 9 1
5 8 8 2 2 2 9 1
0 0 2 2 1 3 12 1
0 0 5 2 1 3 12 1
0 9 2 2 1 3 12 1
0 9 5 2 1 3 12 1
8 0 2 2 1 3 12 1
8 0 5 2 1 3 12 1
8 9 2 2 1 3 12 1
8 9 5 2 1 3 12 1
0 2 0 2 3 1 14 1
0 2 1 2 3 1 14 1
0 2 8 2 3 1 14 1
0 2 9 2 3 1 14 1
0 5 0 2 3 1 14 1
0 5 1 2 3 1 14 1
0 5 8 2 3 1 14 1
0 5 9 2 3 1 14 1
2 5 0 2 3 1 14 1
2 5 9 2 3 1 14 1
6 2 0 2 3 1 14 1
6 2 9 2 3 1 14 1
8 2 0 2 3 1 14 1
8 2 1 2 3 1 14 1
8 2 8 2 3 1 14 1
8 2 9 2 3 1 14 1
8 5 0 2 3 1 14 1
8 5 1 2 3 1 14 1
8 5 8 2 3 1 14 1
8 5 9 2 3 1 14 1
2 2 1 3 3 4 5 1
2 2 5 3 3 4 5 1
2 5 1 3 3 4 5 1
2 5 5 3 3 4 5 1
5 2 1 3 3 4 5 1
5 2 5 3 3 4 5 1
5 5 1 3 3 4 5 1
5 5 5 3 3 4 5 1
2 2 0 4 3 1 16 1
2 2 9 4 3 1 16 1
4 5 0 4 3 1 16 1
4 5 9 4 3 1 16 1
