10 10 10
4 1 1 1 3 4 2 1
4 1 5 1 3 4 2 1
4 6 1 1 3 4 2 1
4 6 5 1 3 4 2 1
5 1 1 1 3 4 2 1
5 1 5 1 3 4 2 1
5 6 1 1 3 4 2 1
5 6 5 1 3 4 2 1
1 4 1 4 2 4 3 1
1 4 5 4 2 4 3 1
5 4 1 4 2 4 3 1
5 4 5 4 2 4 3 1
0 0 4 4 4 1 5 1
0 0 5 4 4 1 5 1
0 6 4 4 4 1 5 1
0 6 5 4 4 1 5 1
6 0 4 4 4 1 5 1
6 0 5 4 4 1 5 1
6 6 4 4 4 1 5 1
6 6 5 4 4 1 5 1
0 4 1 1 2 1 12 1
0 4 2 1 2 1 12 1
0 4 3 1 2 1 12 1
0 4 4 1 2 1 12 1
0 4 5 1 2 1 12 1
0 4 6 1 2 1 12 1
0 4 7 1 2 1 12 1
0 4 8 1 2 1 12 1
3 4 0 1 2 1 12 1
3 4 9 1 2 1 12 1
6 4 0 1 2 1 12 1
6 4 9 1 2 1 12 1
9 4 1 1 2 1 12 1
9 4 2 1 2 1 12 1
9 4 3 1 2 1 12 1
9 4 4 1 2 1 12 1
9 4 5 1 2 1 12 1
9 4 6 1 2 1 12 1
9 4 7 1 2 1 12 1
9 4 8 1 2 1 12 1
4 1 0 2 4 1 13 1
4 1 9 2 4 1 13 1
4 5 0 2 4 1 13 1
4 5 9 2 4 1 13 1
0 0 0 4 4 4 14 1
0 0 6 4 4 4 14 1
0 6 0 4 4 4 14 1
0 6 6 4 4 4 14 1
6 0 0 4 4 4 14 1
6 0 6 4 4 4 14 1
6 6 0 4 4 4 14 1
6 6 6 4 4 4 14 1
0 4 0 3 1 1 17 1
0 4 9 3 1 1 17 1
0 5 0 3 1 1 17 1
0 5 9 3 1 1 17 1
7 4 0 3 1 1 17 1
7 4 9 3 1 1 17 1
7 5 0 3 1 1 17 1
7 5 9 3 1 1 17 1
4 0 0 2 1 1 18 1
4 0 1 2 1 1 18 1
4 0 2 2 1 1 18 1
4 0 3 2 1 1 18 1
4 0 4 2 1 1 18 1
4 0 5 2 1 1 18 1
4 0 6 2 1 1 18 1
4 0 7 2 1 1 18 1
4 0 8 2 1 1 18 1
4 0 9 2 1 1 18 1
4 9 0 2 1 1 18 1
4 9 1 2 1 1 18 1
4 9 2 2 1 1 18 1
4 9 3 2 1 1 18 1
4 9 4 2 1 1 18 1
4 9 5 2 1 1 18 1
4 9 6 2 1 1 18 1
4 9 7 2 1 1 18 1
4 9 8 2 1 1 18 1
4 9 9 2 1 1 18 1
