10 10 10
6 2 8 3 4 2 1 1
6 4 0 3 4 2 1 1
4 0 0 1 4 4 2 1
4 0 6 1 4 4 2 1
4 6 0 1 4 4 2 1
4 6 6 1 4 4 2 1
5 0 0 1 4 4 2 1
5 0 6 1 4 4 2 1
5 6 0 1 4 4 2 1
5 6 6 1 4 4 2 1
0 6 0 1 4 2 3 1
0 6 8 1 4 2 3 1
3 0 2 1 4 2 3 1
3 0 6 1 4 2 3 1
3 6 2 1 4 2 3 1
3 6 6 1 4 2 3 1
6 0 2 1 4 2 3 1
6 0 6 1 4 2 3 1
6 6 2 1 4 2 3 1
6 6 6 1 4 2 3 1
6 0 8 3 2 2 4 1
6 8 0 3 2 2 4 1
4 4 0 2 1 1 6 1
4 4 1 2 1 1 6 1
4 4 8 2 1 1 6 1
4 4 9 2 1 1 6 1
4 5 0 2 1 1 6 1
4 5 1 2 1 1 6 1
4 5 8 2 1 1 6 1
4 5 9 2 1 1 6 1
3 2 4 4 2 2 10 1
3 4 2 4 2 2 10 1
3 4 6 4 2 2 10 1
3 6 4 4 2 2 10 1
6 0 0 4 2 2 10 1
6 2 0 4 2 2 10 1
6 6 8 4 2 2 10 1
6 8 8 4 2 2 10 1
0 0 2 3 1 1 11 1
0 0 3 3 1 1 11 1
0 0 4 3 1 1 11 1
0 0 5 3 1 1 11 1
0 0 6 3 1 1 11 1
0 0 7 3 1 1 11 1
0 9 2 3 1 1 11 1
0 9 3 3 1 1 11 1
0 9 4 3 1 1 11 1
0 9 5 3 1 1 11 1
0 9 6 3 1 1 11 1
0 9 7 3 1 1 11 1
1 0 0 3 1 1 11 1
1 0 1 3 1 1 11 1
1 0 8 3 1 1 11 1
1 0 9 3 1 1 11 1
1 9 0 3 1 1 11 1
1 9 1 3 1 1 11 1
1 9 8 3 1 1 11 1
1 9 9 3 1 1 11 1
7 0 2 3 1 1 11 1
7 0 3 3 1 1 11 1
7 0 4 3 1 1 11 1
7 0 5 3 1 1 11 1
7 0 6 3 1 1 11 1
7 0 7 3 1 1 11 1
7 9 2 3 1 1 11 1
7 9 3 3 1 1 11 1
7 9 4 3 1 1 11 1
7 9 5 3 1 1 11 1
7 9 6 3 1 1 11 1
7 9 7 3 1 1 11 1
1 1 0 3 4 2 1 1
1 1 8 3 4 2 1 1
1 5 0 3 4 2 1 1
1 5 8 3 4 2 1 1
0 1 2 3 4 3 13 1
0 1 5 3 4 3 13 1
0 5 2 3 4 3 13 1
0 5 5 3 4 3 13 1
7 1 2 3 4 3 13 1
7 1 5 3 4 3 13 1
7 5 2 3 4 3 13 1
7 5 5 3 4 3 13 1
3 0 4 2 2 1 14 1
3 0 5 2 2 1 14 1
3 4 4 2 2 1 14 1
3 4 5 2 2 1 14 1
3 8 4 2 2 1 14 1
3 8 5 2 2 1 14 1
5 0 4 2 2 1 14 1
5 0 5 2 2 1 14 1
5 4 4 2 2 1 14 1
5 4 5 2 2 1 14 1
5 8 4 2 2 1 14 1
5 8 5 2 2 1 14 1
0 0 0 1 3 2 17 1
0 0 8 1 3 2 17 1
0 3 0 1 3 2 17 1
0 3 8 1 3 2 17 1
9 0 8 1 3 2 17 1
9 3 8 1 3 2 17 1
9 4 0 1 3 2 17 1
9 7 0 1 3 2 17 1
