10 10 10
0 0 0 2 5 2 1 1
0 0 2 2 5 2 1 1
0 0 4 2 5 2 1 1
0 5 0 2 5 2 1 1
0 5 2 2 5 2 1 1
0 5 4 2 5 2 1 1
2 0 0 2 5 2 1 1
2 5 0 2 5 2 1 1
4 0 4 2 5 2 1 1
4 5 4 2 5 2 1 1
6 0 4 2 5 2 1 1
6 5 4 2 5 2 1 1
8 0 4 2 5 2 1 1
8 5 4 2 5 2 1 1
0 8 6 4 2 4 3 1
4 4 6 4 2 4 3 1
6 2 6 4 2 4 3 1
6 3 0 4 2 4 3 1
6 5 0 4 2 4 3 1
4 0 0 6 3 4 5 1
4 7 0 6 3 4 5 1
0 6 6 6 2 4 6 1
4 8 6 6 2 4 6 1
0 0 6 2 2 4 7 1
0 2 6 2 2 4 7 1
0 4 6 2 2 4 7 1
2 0 2 2 2 4 7 1
2 0 6 2 2 4 7 1
2 2 2 2 2 4 7 1
2 2 6 2 2 4 7 1
2 4 2 2 2 4 7 1
2 4 6 2 2 4 7 1
2 6 2 2 2 4 7 1
2 8 2 2 2 4 7 1
4 0 6 2 2 4 7 1
4 2 6 2 2 4 7 1
4 3 0 2 2 4 7 1
4 5 0 2 2 4 7 1
6 0 6 2 2 4 7 1
6 6 6 2 2 4 7 1
8 0 6 2 2 4 7 1
8 4 6 2 2 4 7 1
8 6 6 2 2 4 7 1
