10 10 10
6 4 0 2 6 4 1 1
8 4 0 2 6 4 1 1
0 0 2 2 4 2 2 1
0 0 4 2 4 2 2 1
0 0 6 2 4 2 2 1
0 0 8 2 4 2 2 1
0 6 0 2 4 2 2 1
0 6 4 2 4 2 2 1
0 6 6 2 4 2 2 1
0 6 8 2 4 2 2 1
2 0 8 2 4 2 2 1
2 6 0 2 4 2 2 1
2 6 4 2 4 2 2 1
2 6 6 2 4 2 2 1
2 6 8 2 4 2 2 1
4 0 8 2 4 2 2 1
4 6 0 2 4 2 2 1
6 0 0 2 4 2 2 1
6 0 8 2 4 2 2 1
8 0 0 2 4 2 2 1
8 0 2 2 4 2 2 1
8 0 4 2 4 2 2 1
8 0 6 2 4 2 2 1
8 0 8 2 4 2 2 1
0 4 7 6 2 3 4 1
6 4 5 4 2 5 5 1
0 0 0 6 3 2 6 1
0 3 0 6 3 2 6 1
0 4 2 6 3 2 6 1
0 7 2 6 3 2 6 1
0 4 4 6 2 3 4 1
2 0 2 6 4 6 7 1
4 6 4 6 4 6 7 1
