30 30 30
0 8 15 11 14 14 1 1
23 7 0 7 8 6 2 1
23 7 9 7 8 6 2 1
23 15 0 7 8 6 2 1
23 15 6 7 8 6 2 1
23 15 12 7 8 6 2 1
23 15 18 7 8 6 2 1
23 15 24 7 8 6 2 1
6 18 0 4 12 14 3 1
10 18 0 4 12 14 3 1
14 18 0 4 12 14 3 1
19 11 0 4 12 14 3 1
0 0 0 6 7 14 4 1
0 0 15 6 7 14 4 1
0 8 0 6 7 14 4 1
0 16 0 6 7 14 4 1
0 23 0 6 7 14 4 1
0 23 15 6 7 14 4 1
6 0 0 6 7 14 4 1
6 0 15 6 7 14 4 1
6 23 15 6 7 14 4 1
11 16 15 6 7 14 4 1
12 0 0 6 7 14 4 1
12 0 15 6 7 14 4 1
12 7 15 6 7 14 4 1
12 23 15 6 7 14 4 1
17 16 15 6 7 14 4 1
18 0 0 6 7 14 4 1
18 0 15 6 7 14 4 1
18 8 15 6 7 14 4 1
18 23 0 6 7 14 4 1
18 23 15 6 7 14 4 1
24 0 0 6 7 14 4 1
24 0 15 6 7 14 4 1
24 8 15 6 7 14 4 1
24 23 0 6 7 14 4 1
24 23 15 6 7 14 4 1
6 7 0 13 11 3 5 1
6 7 3 13 11 3 5 1
6 7 6 13 11 3 5 1
6 7 9 13 11 3 5 1
6 7 12 13 11 3 5 1
