30 30 30
0 0 11 14 13 8 1 1
16 3 3 14 13 8 1 1
0 0 0 9 3 11 2 1
0 3 19 9 3 11 2 1
0 27 10 9 3 11 2 1
5 0 19 9 3 11 2 1
9 0 0 9 3 11 2 1
10 27 10 9 3 11 2 1
21 0 0 9 3 11 2 1
21 27 10 9 3 11 2 1
0 3 0 14 13 5 3 1
0 3 5 14 13 5 3 1
0 6 20 14 13 5 3 1
0 6 25 14 13 5 3 1
0 13 10 14 13 5 3 1
0 13 15 14 13 5 3 1
0 16 0 14 13 5 3 1
0 16 5 14 13 5 3 1
16 0 11 14 13 5 3 1
16 0 16 14 13 5 3 1
16 13 11 14 13 5 3 1
16 13 16 14 13 5 3 1
16 16 0 14 13 5 3 1
16 16 5 14 13 5 3 1
19 3 0 11 13 3 4 1
0 20 21 5 10 9 5 1
5 20 21 5 10 9 5 1
10 20 21 5 10 9 5 1
14 0 21 5 10 9 5 1
15 10 21 5 10 9 5 1
15 20 21 5 10 9 5 1
19 0 21 5 10 9 5 1
20 10 21 5 10 9 5 1
20 20 21 5 10 9 5 1
25 0 21 5 10 9 5 1
25 10 21 5 10 9 5 1
25 20 21 5 10 9 5 1
