30 30 30
0 0 0 7 5 5 1 1
0 0 5 7 5 5 1 1
0 0 10 7 5 5 1 1
0 0 15 7 5 5 1 1
0 0 20 7 5 5 1 1
0 0 25 7 5 5 1 1
0 5 0 7 5 5 1 1
0 5 5 7 5 5 1 1
0 5 10 7 5 5 1 1
0 5 15 7 5 5 1 1
0 5 20 7 5 5 1 1
0 5 25 7 5 5 1 1
0 10 0 7 5 5 1 1
0 10 5 7 5 5 1 1
0 10 10 7 5 5 1 1
0 10 15 7 5 5 1 1
0 10 20 7 5 5 1 1
0 10 25 7 5 5 1 1
0 15 0 7 5 5 1 1
0 15 5 7 5 5 1 1
0 15 10 7 5 5 1 1
0 15 15 7 5 5 1 1
0 15 20 7 5 5 1 1
0 15 25 7 5 5 1 1
0 20 0 7 5 5 1 1
0 20 5 7 5 5 1 1
0 20 10 7 5 5 1 1
0 20 15 7 5 5 1 1
0 20 20 7 5 5 1 1
0 20 25 7 5 5 1 1
0 25 0 7 5 5 1 1
0 25 5 7 5 5 1 1
0 25 10 7 5 5 1 1
0 25 15 7 5 5 1 1
0 25 20 7 5 5 1 1
0 25 25 7 5 5 1 1
7 0 0 7 5 5 1 1
7 0 5 7 5 5 1 1
7 0 10 7 5 5 1 1
7 0 15 7 5 5 1 1
7 0 20 7 5 5 1 1
7 0 25 7 5 5 1 1
7 5 0 7 5 5 1 1
7 5 5 7 5 5 1 1
7 5 10 7 5 5 1 1
7 5 15 7 5 5 1 1
7 5 20 7 5 5 1 1
7 5 25 7 5 5 1 1
7 10 0 7 5 5 1 1
7 10 5 7 5 5 1 1
7 10 10 7 5 5 1 1
7 10 15 7 5 5 1 1
7 10 20 7 5 5 1 1
7 10 25 7 5 5 1 1
7 15 0 7 5 5 1 1
7 15 5 7 5 5 1 1
7 15 10 7 5 5 1 1
7 15 15 7 5 5 1 1
7 15 20 7 5 5 1 1
7 15 25 7 5 5 1 1
7 20 0 7 5 5 1 1
7 20 5 7 5 5 1 1
7 20 10 7 5 5 1 1
7 20 15 7 5 5 1 1
7 20 20 7 5 5 1 1
7 20 25 7 5 5 1 1
7 25 0 7 5 5 1 1
7 25 5 7 5 5 1 1
7 25 10 7 5 5 1 1
7 25 15 7 5 5 1 1
7 25 20 7 5 5 1 1
7 25 25 7 5 5 1 1
14 0 0 7 5 5 1 1
14 0 5 7 5 5 1 1
14 0 10 7 5 5 1 1
14 0 15 7 5 5 1 1
14 0 20 7 5 5 1 1
14 0 25 7 5 5 1 1
14 5 0 7 5 5 1 1
14 5 5 7 5 5 1 1
14 5 10 7 5 5 1 1
14 5 15 7 5 5 1 1
14 5 20 7 5 5 1 1
14 5 25 7 5 5 1 1
14 10 0 7 5 5 1 1
14 10 5 7 5 5 1 1
14 10 10 7 5 5 1 1
14 10 15 7 5 5 1 1
14 10 20 7 5 5 1 1
14 10 25 7 5 5 1 1
14 15 0 7 5 5 1 1
14 15 5 7 5 5 1 1
14 15 10 7 5 5 1 1
14 15 15 7 5 5 1 1
14 15 20 7 5 5 1 1
14 15 25 7 5 5 1 1
14 20 0 7 5 5 1 1
14 20 5 7 5 5 1 1
14 20 10 7 5 5 1 1
14 20 15 7 5 5 1 1
14 20 20 7 5 5 1 1
14 20 25 7 5 5 1 1
14 25 0 7 5 5 1 1
14 25 5 7 5 5 1 1
14 25 10 7 5 5 1 1
14 25 15 7 5 5 1 1
14 25 20 7 5 5 1 1
14 25 25 7 5 5 1 1
21 0 0 7 5 5 1 1
21 0 5 7 5 5 1 1
21 0 10 7 5 5 1 1
21 0 15 7 5 5 1 1
21 0 20 7 5 5 1 1
21 5 0 5 3 10 2 1
21 5 10 5 3 10 2 1
21 5 20 5 3 10 2 1
21 8 0 5 3 10 2 1
21 8 10 5 3 10 2 1
21 8 20 5 3 10 2 1
21 11 0 5 3 10 2 1
21 11 10 5 3 10 2 1
21 11 20 5 3 10 2 1
21 14 0 5 3 10 2 1
21 14 10 5 3 10 2 1
21 14 20 5 3 10 2 1
21 17 0 5 3 10 2 1
21 17 10 5 3 10 2 1
21 17 20 5 3 10 2 1
21 20 0 5 3 10 2 1
21 20 10 5 3 10 2 1
21 20 20 5 3 10 2 1
21 23 0 5 3 10 2 1
21 23 10 5 3 10 2 1
21 23 20 5 3 10 2 1
21 26 0 5 3 10 2 1
21 26 10 5 3 10 2 1
21 26 20 5 3 10 2 1
26 5 0 3 10 12 3 1
26 5 12 3 10 12 3 1
26 15 0 3 10 12 3 1
26 15 12 3 10 12 3 1
21 0 25 6 4 4 5 1
