30 30 30
0 0 0 5 9 13 2 1
0 0 13 5 9 13 2 1
0 18 13 5 9 13 2 1
5 0 0 5 9 13 2 1
5 0 13 5 9 13 2 1
5 18 13 5 9 13 2 1
10 0 0 5 9 13 2 1
10 0 13 5 9 13 2 1
10 9 0 5 9 13 2 1
10 9 13 5 9 13 2 1
10 18 13 5 9 13 2 1
15 0 0 5 9 13 2 1
15 0 13 5 9 13 2 1
15 9 0 5 9 13 2 1
15 9 13 5 9 13 2 1
15 18 13 5 9 13 2 1
20 0 0 5 9 13 2 1
20 0 13 5 9 13 2 1
20 18 13 5 9 13 2 1
25 0 0 5 9 13 2 1
25 0 13 5 9 13 2 1
25 18 13 5 9 13 2 1
0 27 13 14 3 11 3 1
8 18 0 14 3 11 3 1
8 21 0 14 3 11 3 1
8 24 0 14 3 11 3 1
8 27 0 14 3 11 3 1
16 27 13 14 3 11 3 1
0 9 0 5 8 10 4 1
0 9 10 5 8 10 4 1
0 9 20 5 8 10 4 1
5 9 0 5 8 10 4 1
5 9 10 5 8 10 4 1
5 9 20 5 8 10 4 1
20 9 0 5 8 10 4 1
20 9 10 5 8 10 4 1
20 9 20 5 8 10 4 1
25 9 0 5 8 10 4 1
25 9 10 5 8 10 4 1
25 9 20 5 8 10 4 1
0 17 0 8 13 11 5 1
22 17 0 8 13 11 5 1
