30 30 30
0 15 21 7 5 9 1 1
0 25 12 7 5 9 1 1
7 15 21 7 5 9 1 1
7 25 12 7 5 9 1 1
14 16 6 4 14 5 2 1
14 16 11 4 14 5 2 1
14 16 16 4 14 5 2 1
18 16 6 4 14 5 2 1
18 16 11 4 14 5 2 1
18 16 16 4 14 5 2 1
22 16 6 4 14 5 2 1
22 16 11 4 14 5 2 1
22 16 16 4 14 5 2 1
26 16 6 4 14 5 2 1
26 16 11 4 14 5 2 1
26 16 16 4 14 5 2 1
0 10 3 13 5 9 3 1
0 0 0 14 5 3 4 1
0 0 3 14 5 3 4 1
0 0 6 14 5 3 4 1
0 0 9 14 5 3 4 1
0 0 21 14 5 3 4 1
0 0 24 14 5 3 4 1
0 0 27 14 5 3 4 1
0 5 0 14 5 3 4 1
0 5 3 14 5 3 4 1
0 5 6 14 5 3 4 1
0 5 9 14 5 3 4 1
0 5 21 14 5 3 4 1
0 5 24 14 5 3 4 1
0 5 27 14 5 3 4 1
0 10 0 14 5 3 4 1
0 10 21 14 5 3 4 1
0 10 24 14 5 3 4 1
0 10 27 14 5 3 4 1
0 15 0 14 5 3 4 1
0 15 3 14 5 3 4 1
0 15 6 14 5 3 4 1
0 15 9 14 5 3 4 1
0 20 0 14 5 3 4 1
0 20 3 14 5 3 4 1
0 20 6 14 5 3 4 1
0 20 9 14 5 3 4 1
0 20 21 14 5 3 4 1
0 20 24 14 5 3 4 1
0 20 27 14 5 3 4 1
0 25 0 14 5 3 4 1
0 25 3 14 5 3 4 1
0 25 6 14 5 3 4 1
0 25 9 14 5 3 4 1
0 25 21 14 5 3 4 1
0 25 24 14 5 3 4 1
0 25 27 14 5 3 4 1
16 0 0 14 5 3 4 1
16 0 3 14 5 3 4 1
16 0 6 14 5 3 4 1
16 0 9 14 5 3 4 1
16 0 12 14 5 3 4 1
16 0 15 14 5 3 4 1
16 0 18 14 5 3 4 1
16 0 21 14 5 3 4 1
16 0 24 14 5 3 4 1
16 0 27 14 5 3 4 1
16 5 0 14 5 3 4 1
16 5 21 14 5 3 4 1
16 5 24 14 5 3 4 1
16 5 27 14 5 3 4 1
16 10 0 14 5 3 4 1
16 10 21 14 5 3 4 1
16 10 24 14 5 3 4 1
16 10 27 14 5 3 4 1
16 15 0 14 5 3 4 1
16 15 21 14 5 3 4 1
16 15 24 14 5 3 4 1
16 15 27 14 5 3 4 1
16 20 0 14 5 3 4 1
16 20 3 14 5 3 4 1
16 20 21 14 5 3 4 1
16 20 24 14 5 3 4 1
16 20 27 14 5 3 4 1
16 25 0 14 5 3 4 1
16 25 3 14 5 3 4 1
16 25 21 14 5 3 4 1
16 25 24 14 5 3 4 1
16 25 27 14 5 3 4 1
0 0 12 14 11 9 5 1
0 11 12 14 11 9 5 1
16 5 3 14 11 9 5 1
16 5 12 14 11 9 5 1
