30 30 30
0 19 0 8 11 10 1 1
0 19 10 8 11 10 1 1
0 19 20 8 11 10 1 1
7 0 0 8 11 10 1 1
7 0 10 8 11 10 1 1
7 0 20 8 11 10 1 1
8 19 0 8 11 10 1 1
8 19 10 8 11 10 1 1
8 19 20 8 11 10 1 1
15 0 20 8 11 10 1 1
16 19 10 8 11 10 1 1
7 11 0 3 4 13 2 1
7 11 15 3 4 13 2 1
7 15 0 3 4 13 2 1
7 15 15 3 4 13 2 1
10 11 0 3 4 13 2 1
10 11 15 3 4 13 2 1
10 15 0 3 4 13 2 1
10 15 15 3 4 13 2 1
13 11 15 3 4 13 2 1
13 15 0 3 4 13 2 1
13 15 15 3 4 13 2 1
24 18 15 3 4 13 2 1
24 22 15 3 4 13 2 1
24 26 15 3 4 13 2 1
27 18 15 3 4 13 2 1
27 22 15 3 4 13 2 1
27 26 15 3 4 13 2 1
0 0 0 7 9 10 3 1
0 0 10 7 9 10 3 1
0 0 20 7 9 10 3 1
0 9 0 7 9 10 3 1
0 9 10 7 9 10 3 1
0 9 20 7 9 10 3 1
16 0 10 7 9 10 3 1
16 9 10 7 9 10 3 1
16 12 0 7 9 10 3 1
16 12 20 7 9 10 3 1
16 21 0 7 9 10 3 1
16 21 20 7 9 10 3 1
23 0 10 7 9 10 3 1
23 0 20 7 9 10 3 1
23 9 10 7 9 10 3 1
23 9 20 7 9 10 3 1
23 12 0 7 9 10 3 1
23 21 0 7 9 10 3 1
15 0 0 5 6 5 4 1
15 0 5 5 6 5 4 1
15 6 0 5 6 5 4 1
15 6 5 5 6 5 4 1
20 0 0 5 6 5 4 1
20 0 5 5 6 5 4 1
20 6 0 5 6 5 4 1
20 6 5 5 6 5 4 1
25 0 0 5 6 5 4 1
25 0 5 5 6 5 4 1
25 6 0 5 6 5 4 1
25 6 5 5 6 5 4 1
25 18 10 5 6 5 4 1
25 24 10 5 6 5 4 1
