         1        50        50        50
     16170        21        35        22         7        64        55        35

         1        50        50        50
      7056        21        21        16        17        21        26         2

         1        50        50        50
     24840        36        23        30         5        37        56        85

         1        50        50        50
      7956        34        13        18        15        20        33        82

         1        50        50        50
     20736        24        32        27         6        30        87        56

         1        50        50        50
     18900        35        15        36         6        60        17        89

         1        50        50        50
     18768        23        34        24         6        50        37        32

         1        50        50        50
      9720        20        27        18        12        20        56        51

         1        50        50        50
      6804        12        21        27        18        51        32         3

         1        50        50        50
      5655        13        15        29        22        73        29        22