         1        20        20        20
      1008         9        14         8         7        22        22        26

         1        20        20        20
       784        14         8         7        10         9         0         3

         1        20        20        20
       792         8        11         9        10         6        20        17

         1        20        20        20
      1176        14         7        12         6         3         1        21

         1        20        20        20
       780         5        12        13        10         2         5         1

         1        20        20        20
       504         6         6        14        15        18        13         8

         1        20        20        20
      1232        14         8        11         6        18         5        41

         1        20        20        20
       819         9         7        13         9         8         0         3

         1        20        20        20
       360         8         5         9        22        24         8        10

         1        20        20        20
       300         5        10         6        26         5        17        10