         1        30        30        30
      2002        11        13        14        13         1         2        21

         1        30        30        30
      5040        20        18        14         5        24        42        26

         1        30        30        30
      2700        15        15        12        10        21        11        38

         1        30        30        30
      2112        12        11        16        12        28        30        23

         1        30        30        30
      5040        16        21        15         5        25        16         3

         1        30        30        30
      3900        15        20        13         6         9        56        27

         1        30        30        30
      3344        16        19        11         8        14         5         4

         1        30        30        30
      5460        21        13        20         4        30         5        15

         1        30        30        30
      2592        12        12        18        10        19        20         5

         1        30        30        30
      2310        14        15        11        11        11        41         5