         1       100       100       100
     36000        40        30        30        27        20        66        28

         1       100       100       100
     59466        33        53        34        16        45        42        96

         1       100       100       100
    185679        69        69        39         5       105       151         8

         1       100       100       100
    194432        49        64        62         5       174       133       144

         1       100       100       100
    302460        71        60        71         3       194       149        24

         1       100       100       100
    165393        51        69        47         6        91        39       136

         1       100       100       100
    203280        55        56        66         4       189        42        40

         1       100       100       100
     74222        59        37        34        13        61         5       113

         1       100       100       100
     83804        41        28        73        11         4         1        74

         1       100       100       100
    133400        58        50        46         7        64       132        59