         1        10        10        10
        45         5         3         3        22         3         1        14

         1        10        10        10
        60         5         2         6        16        11         0         2

         1        10        10        10
        90         3         6         5        11         2        14         0

         1        10        10        10
        90         6         3         5        11         1         7         3

         1        10        10        10
        48         2         6         4        20         8         8         4

         1        10        10        10
        72         6         3         4        13        10         7         8

         1        10        10        10
        90         5         6         3        11         1        10         1

         1        10        10        10
        36         6         2         3        27         4         1         5

         1        10        10        10
       108         3         6         6         9         4         7         5

         1        10        10        10
        80         5         4         4        12         7         5         4