10 10 10
2 0 0 4 1 3 1 1
2 0 7 4 1 3 1 1
2 1 0 4 1 3 1 1
2 1 7 4 1 3 1 1
2 2 0 4 1 3 1 1
2 2 7 4 1 3 1 1
2 3 0 4 1 3 1 1
2 3 7 4 1 3 1 1
2 6 0 4 1 3 1 1
2 6 7 4 1 3 1 1
2 7 0 4 1 3 1 1
2 7 7 4 1 3 1 1
2 8 0 4 1 3 1 1
2 8 7 4 1 3 1 1
2 9 0 4 1 3 1 1
2 9 7 4 1 3 1 1
6 0 0 4 1 3 1 1
6 1 0 4 1 3 1 1
0 2 4 4 4 2 2 1
2 6 3 4 4 2 2 1
2 6 5 4 4 2 2 1
6 0 6 4 4 2 2 1
6 2 4 4 4 2 2 1
6 4 0 4 4 2 2 1
6 4 2 4 4 2 2 1
6 6 4 4 4 2 2 1
6 0 8 4 4 2 2 1
2 4 0 4 2 3 3 1
4 4 7 4 2 3 3 1
6 0 3 4 2 3 3 1
0 0 0 2 2 4 4 1
0 0 4 2 2 4 4 1
0 2 0 2 2 4 4 1
0 2 6 2 2 4 4 1
0 4 0 2 2 4 4 1
0 4 6 2 2 4 4 1
0 6 0 2 2 4 4 1
0 6 6 2 2 4 4 1
0 8 0 2 2 4 4 1
0 8 6 2 2 4 4 1
2 0 3 2 2 4 4 1
2 4 6 2 2 4 4 1
4 0 3 2 2 4 4 1
4 2 3 2 2 4 4 1
4 4 3 2 2 4 4 1
6 2 0 2 2 4 4 1
6 6 6 2 2 4 4 1
6 8 0 2 2 4 4 1
6 8 6 2 2 4 4 1
8 2 0 2 2 4 4 1
8 4 6 2 2 4 4 1
8 6 6 2 2 4 4 1
8 8 0 2 2 4 4 1
8 8 6 2 2 4 4 1
