10 10 10
0 6 0 3 2 2 1 1
0 6 2 3 2 2 1 1
0 6 4 3 2 2 1 1
0 6 6 3 2 2 1 1
0 6 8 3 2 2 1 1
0 8 0 3 2 2 1 1
0 8 2 3 2 2 1 1
0 8 4 3 2 2 1 1
0 8 6 3 2 2 1 1
0 8 8 3 2 2 1 1
3 6 2 3 2 2 1 1
3 6 4 3 2 2 1 1
3 8 2 3 2 2 1 1
3 8 4 3 2 2 1 1
4 0 0 3 2 2 1 1
4 0 2 3 2 2 1 1
4 0 8 3 2 2 1 1
4 2 2 3 2 2 1 1
4 2 8 3 2 2 1 1
4 4 2 3 2 2 1 1
4 4 4 3 2 2 1 1
4 4 6 3 2 2 1 1
4 4 8 3 2 2 1 1
7 0 0 3 2 2 1 1
7 0 2 3 2 2 1 1
7 0 8 3 2 2 1 1
7 2 2 3 2 2 1 1
7 2 8 3 2 2 1 1
7 4 2 3 2 2 1 1
7 4 4 3 2 2 1 1
7 4 6 3 2 2 1 1
7 4 8 3 2 2 1 1
7 6 0 3 2 2 1 1
7 6 6 3 2 2 1 1
7 6 8 3 2 2 1 1
7 8 0 3 2 2 1 1
7 8 6 3 2 2 1 1
7 8 8 3 2 2 1 1
0 0 0 4 1 4 2 1
0 0 4 4 1 4 2 1
0 1 0 4 1 4 2 1
0 4 4 4 1 4 2 1
0 5 0 4 1 4 2 1
0 5 4 4 1 4 2 1
6 6 2 4 1 4 2 1
0 0 8 4 3 1 3 1
0 0 9 4 3 1 3 1
0 1 4 4 3 1 3 1
0 1 5 4 3 1 3 1
0 1 6 4 3 1 3 1
0 1 7 4 3 1 3 1
0 2 0 4 3 1 3 1
0 2 1 4 3 1 3 1
0 2 2 4 3 1 3 1
0 2 3 4 3 1 3 1
0 3 8 4 3 1 3 1
0 3 9 4 3 1 3 1
6 7 2 4 3 1 3 1
6 7 3 4 3 1 3 1
6 7 4 4 3 1 3 1
6 7 5 4 3 1 3 1
6 0 4 4 4 4 4 1
3 6 0 4 4 2 5 1
3 6 6 4 4 2 5 1
3 6 8 4 4 2 5 1
6 2 0 4 4 2 5 1
