30 30 30
0 0 0 10 9 3 1 1
0 0 3 10 9 3 1 1
0 0 6 10 9 3 1 1
0 0 9 10 9 3 1 1
0 0 12 10 9 3 1 1
0 0 15 10 9 3 1 1
0 0 18 10 9 3 1 1
0 0 21 10 9 3 1 1
0 0 24 10 9 3 1 1
0 0 27 10 9 3 1 1
0 9 0 10 9 3 1 1
0 9 3 10 9 3 1 1
0 9 6 10 9 3 1 1
0 9 9 10 9 3 1 1
0 9 12 10 9 3 1 1
0 9 15 10 9 3 1 1
0 9 18 10 9 3 1 1
0 9 21 10 9 3 1 1
0 9 24 10 9 3 1 1
0 9 27 10 9 3 1 1
0 18 0 10 9 3 1 1
0 18 3 10 9 3 1 1
0 18 6 10 9 3 1 1
0 18 9 10 9 3 1 1
0 18 12 10 9 3 1 1
0 18 15 10 9 3 1 1
0 18 18 10 9 3 1 1
0 18 21 10 9 3 1 1
0 18 24 10 9 3 1 1
0 18 27 10 9 3 1 1
10 0 0 10 9 3 1 1
10 0 3 10 9 3 1 1
10 0 6 10 9 3 1 1
10 0 9 10 9 3 1 1
10 0 12 10 9 3 1 1
10 0 15 10 9 3 1 1
10 0 18 10 9 3 1 1
10 0 21 10 9 3 1 1
10 0 24 10 9 3 1 1
10 0 27 10 9 3 1 1
10 9 0 10 9 3 1 1
10 9 3 10 9 3 1 1
10 9 6 10 9 3 1 1
10 9 9 10 9 3 1 1
10 9 12 10 9 3 1 1
10 9 15 10 9 3 1 1
10 9 18 10 9 3 1 1
10 9 21 10 9 3 1 1
10 9 24 10 9 3 1 1
10 9 27 10 9 3 1 1
10 18 0 10 9 3 1 1
10 18 3 10 9 3 1 1
10 20 6 8 10 12 2 1
10 20 18 8 10 12 2 1
18 20 6 8 10 12 2 1
18 20 18 8 10 12 2 1
22 0 0 8 10 12 2 1
22 0 12 8 10 12 2 1
20 10 0 4 7 7 3 1
20 10 7 4 7 7 3 1
20 10 14 4 7 7 3 1
20 10 23 4 7 7 3 1
26 10 0 4 7 7 3 1
26 10 7 4 7 7 3 1
26 10 14 4 7 7 3 1
26 10 23 4 7 7 3 1
26 17 0 4 7 7 3 1
0 27 0 5 3 8 10 1
0 27 8 5 3 8 10 1
0 27 16 5 3 8 10 1
5 27 0 5 3 8 10 1
5 27 8 5 3 8 10 1
5 27 16 5 3 8 10 1
20 17 0 5 3 8 10 1
20 17 8 5 3 8 10 1
20 17 16 5 3 8 10 1
25 17 7 5 3 8 10 1
25 17 15 5 3 8 10 1
