30 30 30
0 0 0 9 4 14 1 1
0 0 16 9 4 14 1 1
0 4 0 9 4 14 1 1
0 4 16 9 4 14 1 1
0 8 0 9 4 14 1 1
0 8 16 9 4 14 1 1
0 12 0 9 4 14 1 1
0 12 16 9 4 14 1 1
0 16 0 9 4 14 1 1
0 16 16 9 4 14 1 1
0 20 0 9 4 14 1 1
0 20 16 9 4 14 1 1
0 26 0 9 4 14 1 1
0 26 16 9 4 14 1 1
9 0 0 9 4 14 1 1
9 0 16 9 4 14 1 1
9 4 0 9 4 14 1 1
9 4 16 9 4 14 1 1
9 8 0 9 4 14 1 1
9 8 16 9 4 14 1 1
9 12 0 9 4 14 1 1
9 12 16 9 4 14 1 1
9 16 0 9 4 14 1 1
9 16 16 9 4 14 1 1
9 20 0 9 4 14 1 1
9 20 16 9 4 14 1 1
18 0 0 6 13 14 2 1
18 0 14 8 9 7 3 1
18 0 23 8 9 7 3 1
18 9 14 8 9 7 3 1
18 9 23 8 9 7 3 1
18 13 0 8 9 7 3 1
18 13 7 8 9 7 3 1
18 21 14 8 9 7 3 1
18 18 21 5 8 9 4 1
18 22 0 5 8 9 4 1
25 0 0 5 8 9 4 1
9 25 0 4 5 3 5 1
9 25 3 4 5 3 5 1
9 25 6 4 5 3 5 1
9 25 9 4 5 3 5 1
9 25 12 4 5 3 5 1
9 25 15 4 5 3 5 1
9 25 18 4 5 3 5 1
9 25 21 4 5 3 5 1
9 25 24 4 5 3 5 1
9 25 27 4 5 3 5 1
13 25 0 4 5 3 5 1
13 25 3 4 5 3 5 1
13 25 6 4 5 3 5 1
13 25 9 4 5 3 5 1
13 25 12 4 5 3 5 1
13 25 15 4 5 3 5 1
13 25 18 4 5 3 5 1
13 25 21 4 5 3 5 1
13 25 24 4 5 3 5 1
13 25 27 4 5 3 5 1
17 25 9 4 5 3 5 1
21 25 9 4 5 3 5 1
26 0 9 4 5 3 5 1
26 0 12 4 5 3 5 1
26 0 15 4 5 3 5 1
26 0 18 4 5 3 5 1
26 0 21 4 5 3 5 1
26 0 24 4 5 3 5 1
26 0 27 4 5 3 5 1
26 5 9 4 5 3 5 1
26 5 12 4 5 3 5 1
26 5 15 4 5 3 5 1
26 5 18 4 5 3 5 1
26 5 21 4 5 3 5 1
26 5 24 4 5 3 5 1
26 5 27 4 5 3 5 1
26 10 0 4 5 3 5 1
26 10 3 4 5 3 5 1
26 10 6 4 5 3 5 1
26 10 9 4 5 3 5 1
26 10 12 4 5 3 5 1
26 10 15 4 5 3 5 1
26 10 18 4 5 3 5 1
26 10 21 4 5 3 5 1
26 10 24 4 5 3 5 1
26 10 27 4 5 3 5 1
26 15 0 4 5 3 5 1
26 15 3 4 5 3 5 1
26 15 6 4 5 3 5 1
26 15 9 4 5 3 5 1
26 15 12 4 5 3 5 1
26 15 15 4 5 3 5 1
26 15 18 4 5 3 5 1
26 15 21 4 5 3 5 1
26 15 24 4 5 3 5 1
26 15 27 4 5 3 5 1
26 20 0 4 5 3 5 1
26 20 3 4 5 3 5 1
26 20 6 4 5 3 5 1
26 20 9 4 5 3 5 1
26 20 12 4 5 3 5 1
26 20 15 4 5 3 5 1
26 20 18 4 5 3 5 1
26 20 21 4 5 3 5 1
26 20 24 4 5 3 5 1
26 20 27 4 5 3 5 1
26 25 0 4 5 3 5 1
26 25 3 4 5 3 5 1
26 25 6 4 5 3 5 1
26 25 9 4 5 3 5 1
26 25 12 4 5 3 5 1
26 25 15 4 5 3 5 1
26 25 18 4 5 3 5 1
26 25 21 4 5 3 5 1
26 25 24 4 5 3 5 1
26 25 27 4 5 3 5 1
