30 30 30
0 0 0 10 13 13 1 1
0 0 13 10 13 13 1 1
0 13 0 10 13 13 1 1
0 13 13 10 13 13 1 1
10 0 0 10 13 13 1 1
10 0 13 10 13 13 1 1
10 13 0 10 13 13 1 1
10 13 13 10 13 13 1 1
20 0 0 10 13 13 1 1
0 0 27 6 11 3 2 1
0 11 27 6 11 3 2 1
6 0 27 6 11 3 2 1
6 11 27 6 11 3 2 1
12 0 27 6 11 3 2 1
12 11 27 6 11 3 2 1
18 0 27 6 11 3 2 1
18 11 27 6 11 3 2 1
20 0 13 6 11 3 2 1
20 0 16 6 11 3 2 1
20 0 19 6 11 3 2 1
20 0 22 6 11 3 2 1
20 11 13 6 11 3 2 1
20 11 16 6 11 3 2 1
20 11 19 6 11 3 2 1
20 11 22 6 11 3 2 1
20 13 0 6 11 3 2 1
20 13 3 6 11 3 2 1
20 13 6 6 11 3 2 1
20 13 9 6 11 3 2 1
24 0 27 6 11 3 2 1
20 23 12 7 7 11 5 1
27 0 13 3 9 13 6 1
27 9 13 3 9 13 6 1
27 13 0 3 9 13 6 1
27 21 13 3 9 13 6 1
0 26 0 3 4 6 10 1
0 26 6 3 4 6 10 1
0 26 12 3 4 6 10 1
0 26 18 3 4 6 10 1
0 26 24 3 4 6 10 1
3 26 0 3 4 6 10 1
3 26 6 3 4 6 10 1
3 26 12 3 4 6 10 1
3 26 18 3 4 6 10 1
3 26 24 3 4 6 10 1
6 26 0 3 4 6 10 1
6 26 6 3 4 6 10 1
6 26 12 3 4 6 10 1
6 26 18 3 4 6 10 1
6 26 24 3 4 6 10 1
9 26 0 3 4 6 10 1
9 26 6 3 4 6 10 1
9 26 12 3 4 6 10 1
9 26 18 3 4 6 10 1
9 26 24 3 4 6 10 1
12 26 0 3 4 6 10 1
12 26 6 3 4 6 10 1
12 26 12 3 4 6 10 1
12 26 18 3 4 6 10 1
12 26 24 3 4 6 10 1
15 26 0 3 4 6 10 1
15 26 6 3 4 6 10 1
15 26 12 3 4 6 10 1
15 26 18 3 4 6 10 1
15 26 24 3 4 6 10 1
18 26 0 3 4 6 10 1
18 26 6 3 4 6 10 1
18 26 24 3 4 6 10 1
20 22 24 3 4 6 10 1
21 26 0 3 4 6 10 1
21 26 6 3 4 6 10 1
21 26 24 3 4 6 10 1
23 22 24 3 4 6 10 1
24 26 0 3 4 6 10 1
24 26 6 3 4 6 10 1
24 26 24 3 4 6 10 1
27 22 0 3 4 6 10 1
27 22 6 3 4 6 10 1
27 26 0 3 4 6 10 1
27 26 6 3 4 6 10 1
