30 30 30
0 0 0 13 5 12 1 1
0 0 12 13 5 12 1 1
0 5 0 13 5 12 1 1
0 5 12 13 5 12 1 1
0 10 0 13 5 12 1 1
0 10 12 13 5 12 1 1
0 15 0 13 5 12 1 1
0 15 12 13 5 12 1 1
0 20 0 13 5 12 1 1
0 20 12 13 5 12 1 1
0 25 0 13 5 12 1 1
0 25 12 13 5 12 1 1
17 0 0 13 5 12 1 1
17 0 12 13 5 12 1 1
17 5 0 13 5 12 1 1
17 5 12 13 5 12 1 1
17 10 0 13 5 12 1 1
16 10 12 14 12 9 2 1
16 10 21 14 12 9 2 1
16 15 0 14 12 9 2 1
13 23 9 12 7 13 4 1
0 0 24 10 8 6 5 1
0 8 24 10 8 6 5 1
0 16 24 10 8 6 5 1
10 0 24 10 8 6 5 1
10 22 24 10 8 6 5 1
20 0 24 10 8 6 5 1
20 22 24 10 8 6 5 1
17 27 0 13 3 5 8 1
0 24 24 5 3 6 10 1
0 27 24 5 3 6 10 1
5 24 24 5 3 6 10 1
5 27 24 5 3 6 10 1
10 8 24 5 3 6 10 1
10 11 24 5 3 6 10 1
10 14 24 5 3 6 10 1
10 17 24 5 3 6 10 1
25 22 9 5 3 6 10 1
25 22 15 5 3 6 10 1
25 27 5 5 3 6 10 1
25 27 11 5 3 6 10 1
25 27 17 5 3 6 10 1
