30 30 30
0 0 0 12 14 10 1 1
0 0 10 12 14 10 1 1
0 0 20 10 4 7 2 1
0 4 20 10 4 7 2 1
0 8 20 10 4 7 2 1
0 12 20 10 4 7 2 1
0 14 0 10 4 7 2 1
0 14 7 10 4 7 2 1
0 16 14 10 4 7 2 1
0 16 21 10 4 7 2 1
0 18 0 10 4 7 2 1
0 18 7 10 4 7 2 1
0 20 14 10 4 7 2 1
0 20 21 10 4 7 2 1
0 22 0 10 4 7 2 1
0 22 7 10 4 7 2 1
0 24 14 10 4 7 2 1
0 24 21 10 4 7 2 1
0 26 0 10 4 7 2 1
0 26 7 10 4 7 2 1
10 0 20 10 4 7 2 1
10 4 20 10 4 7 2 1
10 8 20 10 4 7 2 1
10 12 20 10 4 7 2 1
10 14 0 10 4 7 2 1
10 14 7 10 4 7 2 1
10 16 14 10 4 7 2 1
10 16 21 10 4 7 2 1
10 18 0 10 4 7 2 1
10 18 7 10 4 7 2 1
10 20 14 10 4 7 2 1
10 20 21 10 4 7 2 1
10 22 0 10 4 7 2 1
10 22 7 10 4 7 2 1
10 24 14 10 4 7 2 1
10 24 21 10 4 7 2 1
10 26 0 10 4 7 2 1
10 26 7 10 4 7 2 1
12 0 0 10 4 7 2 1
12 0 7 10 4 7 2 1
12 4 0 10 4 7 2 1
12 4 7 10 4 7 2 1
12 8 0 10 4 7 2 1
12 8 7 10 4 7 2 1
20 0 14 10 4 7 2 1
20 0 21 10 4 7 2 1
20 4 14 10 4 7 2 1
20 4 21 10 4 7 2 1
20 8 14 10 4 7 2 1
20 8 21 10 4 7 2 1
20 12 0 10 4 7 2 1
20 12 7 10 4 7 2 1
20 12 14 10 4 7 2 1
20 12 21 10 4 7 2 1
20 16 0 10 4 7 2 1
20 16 7 10 4 7 2 1
20 16 14 10 4 7 2 1
20 16 21 10 4 7 2 1
20 20 0 10 4 7 2 1
20 20 7 7 9 14 3 1
22 0 0 7 9 14 3 1
0 0 27 14 11 3 7 1
20 20 21 10 9 8 8 1
12 0 14 5 11 5 10 1
