30 30 30
0 0 0 9 9 3 1 1
0 0 3 9 9 3 1 1
0 0 6 9 9 3 1 1
0 0 9 9 9 3 1 1
0 0 12 9 9 3 1 1
0 0 15 13 3 11 2 1
0 3 15 13 3 11 2 1
0 6 15 13 3 11 2 1
0 9 0 13 3 11 2 1
0 9 11 13 3 11 2 1
0 12 0 13 3 11 2 1
0 12 11 13 3 11 2 1
0 15 0 13 3 11 2 1
0 15 11 13 3 11 2 1
0 18 0 13 3 11 2 1
0 18 11 13 3 11 2 1
0 21 0 13 3 11 2 1
0 9 22 4 11 5 3 1
4 9 22 4 11 5 3 1
8 9 22 4 11 5 3 1
12 9 22 4 11 5 3 1
13 0 0 4 11 5 3 1
13 0 5 4 11 5 3 1
13 0 10 4 11 5 3 1
13 0 15 4 11 5 3 1
13 11 0 4 11 5 3 1
13 11 5 4 11 5 3 1
13 11 10 4 11 5 3 1
13 11 15 4 11 5 3 1
0 21 11 8 3 11 4 1
0 24 0 8 3 11 4 1
0 24 11 8 3 11 4 1
0 27 0 8 3 11 4 1
0 27 11 8 3 11 4 1
8 22 11 8 3 11 4 1
8 24 0 8 3 11 4 1
8 25 11 8 3 11 4 1
8 27 0 8 3 11 4 1
16 22 0 8 3 11 4 1
16 22 11 8 3 11 4 1
16 25 0 8 3 11 4 1
16 25 11 8 3 11 4 1
17 0 0 8 3 11 4 1
17 0 11 8 3 11 4 1
17 3 0 8 3 11 4 1
17 3 11 8 3 11 4 1
17 6 0 8 3 11 4 1
17 6 11 8 3 11 4 1
17 9 0 8 3 11 4 1
17 9 11 8 3 11 4 1
17 12 0 8 3 11 4 1
17 12 11 8 3 11 4 1
17 15 0 8 3 11 4 1
17 15 11 8 3 11 4 1
17 18 0 8 3 11 4 1
17 18 11 8 3 11 4 1
16 0 22 5 14 8 5 1
16 14 22 5 14 8 5 1
21 0 22 5 14 8 5 1
21 14 22 5 14 8 5 1
25 0 0 5 14 8 5 1
25 0 8 5 14 8 5 1
25 14 0 5 14 8 5 1
25 14 8 5 14 8 5 1
0 0 26 13 6 3 6 1
0 6 27 13 6 3 6 1
0 12 27 13 6 3 6 1
0 18 27 13 6 3 6 1
0 20 22 13 6 3 6 1
0 24 25 13 6 3 6 1
9 0 0 4 7 11 9 1
26 0 16 4 7 11 9 1
26 7 16 4 7 11 9 1
26 14 16 4 7 11 9 1
26 21 16 4 7 11 9 1
