30 30 30
0 0 0 8 9 8 1 1
0 0 8 8 9 8 1 1
0 0 16 8 9 8 1 1
0 9 0 8 9 8 1 1
0 9 8 8 9 8 1 1
0 9 16 8 9 8 1 1
0 18 0 8 9 8 1 1
0 18 8 8 9 8 1 1
0 18 16 8 9 8 1 1
8 0 0 8 9 8 1 1
8 0 8 8 9 8 1 1
8 0 16 8 9 8 1 1
8 9 0 8 9 8 1 1
0 27 0 10 3 13 2 1
0 27 13 10 3 13 2 1
8 9 8 10 3 13 2 1
8 12 8 10 3 13 2 1
8 15 8 10 3 13 2 1
8 18 0 10 3 13 2 1
8 18 13 10 3 13 2 1
8 21 0 10 3 13 2 1
8 21 13 10 3 13 2 1
8 24 0 10 3 13 2 1
8 24 13 10 3 13 2 1
10 27 0 10 3 13 2 1
10 27 13 10 3 13 2 1
16 0 0 10 3 13 2 1
16 0 13 10 3 13 2 1
16 3 0 10 3 13 2 1
16 3 13 10 3 13 2 1
16 6 0 10 3 13 2 1
16 6 13 10 3 13 2 1
18 9 0 10 3 13 2 1
18 9 13 10 3 13 2 1
18 12 0 10 3 13 2 1
18 12 13 10 3 13 2 1
18 15 0 10 3 13 2 1
18 15 13 10 3 13 2 1
18 18 0 10 3 13 2 1
18 18 13 10 3 13 2 1
18 21 0 10 3 13 2 1
18 21 13 10 3 13 2 1
18 24 0 10 3 13 2 1
18 24 13 10 3 13 2 1
20 27 0 10 3 13 2 1
20 27 13 10 3 13 2 1
0 0 24 11 13 5 4 1
8 13 21 10 3 9 5 1
0 13 24 5 14 6 7 1
26 0 0 4 6 12 8 1
26 0 12 4 6 12 8 1
