30 30 30
0 0 0 14 12 9 1 1
0 0 9 14 12 9 1 1
0 0 18 14 12 9 1 1
0 12 0 6 5 5 2 1
0 12 5 6 5 5 2 1
0 12 10 6 5 5 2 1
0 12 15 6 5 5 2 1
0 12 20 6 5 5 2 1
0 12 25 6 5 5 2 1
0 17 0 6 5 5 2 1
0 17 5 6 5 5 2 1
0 17 10 6 5 5 2 1
0 17 15 6 5 5 2 1
0 17 20 6 5 5 2 1
0 17 25 6 5 5 2 1
0 22 0 6 5 5 2 1
0 22 5 6 5 5 2 1
0 22 10 6 5 5 2 1
0 22 15 6 5 5 2 1
0 22 20 6 5 5 2 1
0 22 25 6 5 5 2 1
6 12 0 6 5 5 2 1
6 12 5 6 5 5 2 1
6 12 10 6 5 5 2 1
6 12 15 6 5 5 2 1
6 12 20 6 5 5 2 1
6 12 25 6 5 5 2 1
6 17 0 6 5 5 2 1
6 17 5 6 5 5 2 1
6 17 10 6 5 5 2 1
6 17 15 6 5 5 2 1
6 17 20 6 5 5 2 1
6 17 25 6 5 5 2 1
6 22 0 6 5 5 2 1
6 22 5 6 5 5 2 1
6 22 10 6 5 5 2 1
6 22 15 6 5 5 2 1
6 22 20 6 5 5 2 1
6 22 25 6 5 5 2 1
12 12 0 6 5 5 2 1
12 12 5 6 5 5 2 1
12 12 10 6 5 5 2 1
12 12 15 6 5 5 2 1
12 12 20 6 5 5 2 1
12 12 25 6 5 5 2 1
12 17 0 6 5 5 2 1
12 17 5 6 5 5 2 1
12 17 10 6 5 5 2 1
12 17 15 6 5 5 2 1
12 17 20 6 5 5 2 1
12 17 25 6 5 5 2 1
12 22 0 6 5 5 2 1
12 22 5 6 5 5 2 1
12 22 10 6 5 5 2 1
12 22 15 6 5 5 2 1
12 22 20 6 5 5 2 1
12 22 25 6 5 5 2 1
14 0 0 6 5 5 2 1
14 0 5 6 5 5 2 1
14 0 10 6 5 5 2 1
14 0 15 6 5 5 2 1
14 0 20 6 5 5 2 1
14 0 25 6 5 5 2 1
14 5 0 6 5 5 2 1
14 5 5 6 5 5 2 1
14 5 10 6 5 5 2 1
14 5 15 6 5 5 2 1
14 5 20 6 5 5 2 1
14 5 25 6 5 5 2 1
18 10 0 6 5 5 2 1
18 10 5 6 5 5 2 1
18 10 10 6 5 5 2 1
18 10 15 6 5 5 2 1
18 10 20 6 5 5 2 1
18 10 25 6 5 5 2 1
18 15 0 6 5 5 2 1
18 15 5 6 5 5 2 1
18 15 10 6 5 5 2 1
18 15 15 6 5 5 2 1
18 15 20 6 5 5 2 1
18 15 25 6 5 5 2 1
18 20 0 6 5 5 2 1
18 20 5 6 5 5 2 1
18 20 10 6 5 5 2 1
18 20 15 6 5 5 2 1
18 20 20 6 5 5 2 1
18 20 25 6 5 5 2 1
18 25 0 6 5 5 2 1
18 25 5 6 5 5 2 1
18 25 10 6 5 5 2 1
18 25 15 6 5 5 2 1
18 25 20 6 5 5 2 1
18 25 25 6 5 5 2 1
20 0 0 6 5 5 2 1
20 0 5 6 5 5 2 1
20 0 10 6 5 5 2 1
20 0 15 6 5 5 2 1
20 0 20 6 5 5 2 1
20 0 25 6 5 5 2 1
20 5 0 6 5 5 2 1
20 5 5 6 5 5 2 1
20 5 10 6 5 5 2 1
20 5 15 6 5 5 2 1
20 5 20 6 5 5 2 1
20 5 25 6 5 5 2 1
24 10 0 6 5 5 2 1
24 10 5 6 5 5 2 1
24 10 10 6 5 5 2 1
24 10 15 6 5 5 2 1
24 10 20 6 5 5 2 1
24 10 25 6 5 5 2 1
24 15 0 6 5 5 2 1
24 15 5 6 5 5 2 1
24 15 10 6 5 5 2 1
24 15 15 6 5 5 2 1
24 15 20 6 5 5 2 1
24 15 25 6 5 5 2 1
24 20 0 6 5 5 2 1
24 20 5 6 5 5 2 1
24 20 10 6 5 5 2 1
24 20 15 6 5 5 2 1
24 20 20 6 5 5 2 1
24 20 25 6 5 5 2 1
24 25 0 6 5 5 2 1
24 25 5 6 5 5 2 1
24 25 10 6 5 5 2 1
24 25 15 6 5 5 2 1
24 25 20 6 5 5 2 1
24 25 25 6 5 5 2 1
0 0 27 5 7 3 3 1
5 0 27 5 7 3 3 1
0 7 27 13 5 3 9 1
