30 30 30
0 0 0 12 8 8 1 1
0 0 8 12 8 8 1 1
0 0 16 12 8 8 1 1
0 8 0 12 8 8 1 1
0 8 8 12 8 8 1 1
0 8 16 12 8 8 1 1
0 22 0 12 8 8 1 1
0 22 8 12 8 8 1 1
0 0 26 13 11 4 2 1
0 11 26 13 11 4 2 1
0 19 16 13 11 4 2 1
0 19 20 13 11 4 2 1
12 0 0 13 11 4 2 1
12 0 4 13 11 4 2 1
12 0 8 13 11 4 2 1
12 0 12 13 11 4 2 1
12 0 16 13 11 4 2 1
12 0 20 13 11 4 2 1
12 11 0 12 8 12 3 1
12 22 0 12 8 12 3 1
13 11 12 12 8 12 3 1
13 22 12 12 8 12 3 1
13 0 24 12 14 3 4 1
13 0 27 12 14 3 4 1
13 16 24 12 14 3 4 1
13 16 27 12 14 3 4 1
26 0 0 4 7 9 5 1
26 0 9 4 7 9 5 1
26 0 18 4 7 9 5 1
26 7 0 4 7 9 5 1
26 7 9 4 7 9 5 1
26 7 18 4 7 9 5 1
26 14 0 4 7 9 5 1
26 14 9 4 7 9 5 1
26 14 18 4 7 9 5 1
26 23 0 4 7 9 5 1
26 23 9 4 7 9 5 1
26 23 18 4 7 9 5 1
0 22 26 9 8 4 9 1
