30 30 30
0 0 0 11 12 3 1 1
0 0 3 11 12 3 1 1
0 0 6 11 12 3 1 1
0 0 9 11 12 3 1 1
0 0 12 11 12 3 1 1
0 0 15 11 12 3 1 1
0 0 18 11 12 3 1 1
0 0 21 11 12 3 1 1
0 0 24 11 12 3 1 1
0 0 27 11 12 3 1 1
0 12 0 11 12 3 1 1
0 12 3 11 12 3 1 1
0 12 6 11 12 3 1 1
0 12 9 11 12 3 1 1
0 12 12 11 12 3 1 1
0 12 15 7 12 6 2 1
0 12 21 7 12 6 2 1
7 12 15 7 12 6 2 1
7 12 21 7 12 6 2 1
11 0 0 7 12 6 2 1
11 0 6 7 12 6 2 1
11 0 12 7 12 6 2 1
11 0 18 7 12 6 2 1
11 0 24 7 12 6 2 1
11 12 0 7 12 6 2 1
11 12 6 7 12 6 2 1
14 12 12 7 12 6 2 1
14 12 18 7 12 6 2 1
14 12 24 7 12 6 2 1
18 0 0 7 12 6 2 1
18 0 6 7 12 6 2 1
18 0 12 7 12 6 2 1
18 0 18 9 7 7 3 1
18 12 0 9 7 7 3 1
18 19 0 9 7 7 3 1
21 7 18 9 7 7 3 1
21 12 7 9 7 7 3 1
21 14 14 9 7 7 3 1
21 14 21 9 7 7 3 1
21 19 7 9 7 7 3 1
21 21 14 9 7 7 3 1
21 21 21 9 7 7 3 1
25 0 0 4 10 13 4 1
0 24 0 11 5 14 5 1
0 24 14 11 5 14 5 1
11 24 0 3 5 9 7 1
11 24 9 3 5 9 7 1
11 24 18 3 5 9 7 1
14 24 0 3 5 9 7 1
14 24 9 3 5 9 7 1
14 24 18 3 5 9 7 1
17 24 7 3 5 9 7 1
17 24 16 3 5 9 7 1
18 7 18 3 5 9 7 1
27 0 13 3 5 9 7 1
