10 10 10
0 0 7 2 3 3 1 1
0 3 0 2 3 3 1 1
0 3 7 2 3 3 1 1
0 4 4 2 3 3 1 1
0 6 0 2 3 3 1 1
0 6 7 2 3 3 1 1
2 0 7 2 3 3 1 1
2 3 0 2 3 3 1 1
2 6 0 2 3 3 1 1
2 6 7 2 3 3 1 1
4 7 0 2 3 3 1 1
4 7 3 2 3 3 1 1
6 0 4 2 3 3 1 1
6 4 3 2 3 3 1 1
8 0 0 2 3 3 1 1
8 0 3 2 3 3 1 1
8 0 6 2 3 3 1 1
8 4 3 2 3 3 1 1
2 4 4 4 2 2 2 1
4 0 0 4 2 2 2 1
4 0 2 4 2 2 2 1
4 0 7 4 2 2 2 1
6 8 2 4 2 2 2 1
6 8 4 4 2 2 2 1
0 0 0 4 1 4 3 1
0 1 0 4 1 4 3 1
0 2 0 4 1 4 3 1
0 7 3 4 1 4 3 1
0 8 3 4 1 4 3 1
0 9 0 4 1 4 3 1
0 9 6 4 1 4 3 1
2 4 6 4 1 4 3 1
2 5 6 4 1 4 3 1
4 2 0 4 1 4 3 1
6 3 5 4 1 4 3 1
6 4 6 4 1 4 3 1
6 7 0 4 1 4 3 1
0 9 4 4 1 2 4 1
2 3 7 4 1 2 4 1
2 6 4 4 1 2 4 1
4 2 7 4 1 2 4 1
6 3 3 4 1 2 4 1
6 5 6 4 1 2 4 1
6 5 8 4 1 2 4 1
6 7 4 4 1 2 4 1
6 8 0 4 1 2 4 1
6 9 0 4 1 2 4 1
0 0 4 3 4 1 5 1
0 0 5 3 4 1 5 1
0 0 6 3 4 1 5 1
0 3 3 3 4 1 5 1
3 0 4 3 4 1 5 1
3 0 5 3 4 1 5 1
3 0 6 3 4 1 5 1
3 3 3 3 4 1 5 1
4 0 9 3 4 1 5 1
4 3 0 3 4 1 5 1
4 3 1 3 4 1 5 1
4 3 2 3 4 1 5 1
4 6 6 3 4 1 5 1
4 6 7 3 4 1 5 1
4 6 8 3 4 1 5 1
4 6 9 3 4 1 5 1
7 0 9 3 4 1 5 1
7 3 0 3 4 1 5 1
7 3 1 3 4 1 5 1
7 3 2 3 4 1 5 1
7 6 6 3 4 1 5 1
7 6 7 3 4 1 5 1
7 6 8 3 4 1 5 1
7 6 9 3 4 1 5 1
