10 10 10
0 3 6 2 4 4 1 1
2 0 6 2 4 4 1 1
4 3 0 2 4 4 1 1
6 3 0 2 4 4 1 1
8 3 0 2 4 4 1 1
0 3 0 3 3 1 2 1
0 4 3 3 3 1 2 1
0 4 4 3 3 1 2 1
2 4 7 3 3 1 2 1
3 7 4 3 3 1 2 1
4 0 0 3 3 1 2 1
4 0 3 3 3 1 2 1
4 0 4 3 3 1 2 1
4 7 0 3 3 1 2 1
5 4 4 3 3 1 2 1
5 4 7 3 3 1 2 1
6 7 3 3 3 1 2 1
6 7 4 3 3 1 2 1
7 0 2 3 3 1 2 1
7 4 6 3 3 1 2 1
0 3 3 2 1 3 3 1
2 3 3 2 1 3 3 1
4 3 4 2 1 3 3 1
5 7 7 2 1 3 3 1
5 8 7 2 1 3 3 1
5 9 7 2 1 3 3 1
6 3 4 2 1 3 3 1
7 7 0 2 1 3 3 1
7 7 7 2 1 3 3 1
7 8 0 2 1 3 3 1
7 8 7 2 1 3 3 1
7 9 0 2 1 3 3 1
7 9 7 2 1 3 3 1
8 0 3 2 1 3 3 1
8 0 7 2 1 3 3 1
8 1 3 2 1 3 3 1
8 1 7 2 1 3 3 1
8 2 3 2 1 3 3 1
8 2 7 2 1 3 3 1
8 3 4 2 1 3 3 1
8 6 7 2 1 3 3 1
7 0 3 1 3 2 4 1
1 0 4 2 3 2 5 1
3 7 6 2 3 2 5 1
4 0 1 2 3 2 5 1
4 4 5 2 3 2 5 1
0 6 0 4 4 3 7 1
4 0 7 4 4 3 7 1
0 7 4 3 3 2 8 1
0 7 7 3 3 2 8 1
1 0 0 3 3 2 8 1
1 0 2 3 3 2 8 1
1 3 1 3 3 2 8 1
2 4 8 3 3 2 8 1
4 7 1 3 3 2 8 1
5 4 8 3 3 2 8 1
0 7 3 4 3 1 9 1
0 7 9 4 3 1 9 1
3 0 5 4 3 1 9 1
5 7 5 4 3 1 9 1
5 7 6 4 3 1 9 1
6 0 1 4 3 1 9 1
6 0 6 4 3 1 9 1
6 4 5 4 3 1 9 1
0 0 0 1 3 1 10 1
0 0 1 1 3 1 10 1
0 0 2 1 3 1 10 1
0 0 3 1 3 1 10 1
0 0 4 1 3 1 10 1
0 0 5 1 3 1 10 1
0 0 6 1 3 1 10 1
0 0 7 1 3 1 10 1
0 0 8 1 3 1 10 1
0 0 9 1 3 1 10 1
0 3 1 1 3 1 10 1
0 3 2 1 3 1 10 1
0 4 5 1 3 1 10 1
0 7 6 1 3 1 10 1
1 0 6 1 3 1 10 1
1 0 7 1 3 1 10 1
1 0 8 1 3 1 10 1
1 0 9 1 3 1 10 1
1 4 5 1 3 1 10 1
1 7 6 1 3 1 10 1
2 4 5 1 3 1 10 1
2 4 6 1 3 1 10 1
2 7 6 1 3 1 10 1
3 0 4 1 3 1 10 1
3 3 0 1 3 1 10 1
3 4 3 1 3 1 10 1
3 4 4 1 3 1 10 1
3 4 5 1 3 1 10 1
3 4 6 1 3 1 10 1
3 7 5 1 3 1 10 1
3 7 8 1 3 1 10 1
4 0 6 1 3 1 10 1
4 4 4 1 3 1 10 1
4 7 3 1 3 1 10 1
4 7 5 1 3 1 10 1
4 7 8 1 3 1 10 1
4 7 9 1 3 1 10 1
5 0 6 1 3 1 10 1
5 7 3 1 3 1 10 1
6 0 2 1 3 1 10 1
6 4 6 1 3 1 10 1
7 0 0 1 3 1 10 1
7 0 5 1 3 1 10 1
8 0 0 1 3 1 10 1
8 3 7 1 3 1 10 1
8 3 8 1 3 1 10 1
8 3 9 1 3 1 10 1
8 4 4 1 3 1 10 1
9 0 0 1 3 1 10 1
9 3 7 1 3 1 10 1
9 3 8 1 3 1 10 1
9 3 9 1 3 1 10 1
9 4 4 1 3 1 10 1
9 7 0 1 3 1 10 1
9 7 1 1 3 1 10 1
9 7 2 1 3 1 10 1
9 7 3 1 3 1 10 1
9 7 4 1 3 1 10 1
9 7 5 1 3 1 10 1
9 7 6 1 3 1 10 1
9 7 7 1 3 1 10 1
9 7 8 1 3 1 10 1
9 7 9 1 3 1 10 1
