20 20 20
3 0 0 5 9 8 2 1
3 9 0 5 9 8 2 1
6 0 12 5 9 8 2 1
6 9 12 5 9 8 2 1
0 0 0 3 6 4 3 1
0 0 4 3 6 4 3 1
0 0 8 3 6 4 3 1
0 0 12 3 6 4 3 1
0 0 16 3 6 4 3 1
0 6 0 3 6 4 3 1
0 8 4 3 6 4 3 1
0 8 12 3 6 4 3 1
0 8 16 3 6 4 3 1
0 14 0 3 6 4 3 1
0 14 4 3 6 4 3 1
0 14 8 3 6 4 3 1
0 14 12 3 6 4 3 1
0 14 16 3 6 4 3 1
3 0 8 3 6 4 3 1
3 0 12 3 6 4 3 1
3 0 16 3 6 4 3 1
3 6 16 3 6 4 3 1
3 8 12 3 6 4 3 1
3 14 8 3 6 4 3 1
3 14 12 3 6 4 3 1
3 14 16 3 6 4 3 1
6 14 8 3 6 4 3 1
8 0 0 3 6 4 3 1
8 0 4 3 6 4 3 1
8 0 8 3 6 4 3 1
8 8 0 3 6 4 3 1
8 8 4 3 6 4 3 1
8 14 0 3 6 4 3 1
8 14 4 3 6 4 3 1
9 14 8 3 6 4 3 1
11 0 0 3 6 4 3 1
11 0 4 3 6 4 3 1
11 0 12 3 6 4 3 1
11 0 16 3 6 4 3 1
11 6 0 3 6 4 3 1
11 6 4 3 6 4 3 1
11 6 12 3 6 4 3 1
11 8 8 3 6 4 3 1
11 14 16 3 6 4 3 1
14 0 0 3 6 4 3 1
14 0 4 3 6 4 3 1
14 0 12 3 6 4 3 1
14 0 16 3 6 4 3 1
14 6 0 3 6 4 3 1
14 6 4 3 6 4 3 1
14 6 12 3 6 4 3 1
14 8 8 3 6 4 3 1
14 14 8 3 6 4 3 1
14 14 16 3 6 4 3 1
17 0 0 3 6 4 3 1
17 0 4 3 6 4 3 1
17 0 12 3 6 4 3 1
17 0 16 3 6 4 3 1
17 6 0 3 6 4 3 1
17 6 4 3 6 4 3 1
17 6 12 3 6 4 3 1
17 8 8 3 6 4 3 1
17 14 8 3 6 4 3 1
17 14 16 3 6 4 3 1
0 6 8 9 8 4 5 1
11 0 8 9 8 4 5 1
11 6 16 9 8 4 5 1
11 12 0 9 8 4 5 1
11 12 4 9 8 4 5 1
11 12 12 9 8 4 5 1
