20 20 20
0 0 0 8 6 5 1 1
0 0 5 8 6 5 1 1
0 0 10 8 6 5 1 1
0 0 15 8 6 5 1 1
0 6 0 8 6 5 1 1
0 6 5 8 6 5 1 1
0 6 10 8 6 5 1 1
0 6 15 8 6 5 1 1
0 12 10 4 3 5 2 1
0 12 15 4 3 5 2 1
4 12 10 4 3 5 2 1
4 12 15 4 3 5 2 1
0 15 2 5 5 6 3 1
0 15 8 5 5 6 3 1
0 15 14 5 5 6 3 1
5 15 2 5 5 6 3 1
5 15 8 5 5 6 3 1
5 15 14 5 5 6 3 1
10 0 2 5 5 6 3 1
10 0 8 5 5 6 3 1
10 0 14 5 5 6 3 1
10 5 2 5 5 6 3 1
10 5 8 5 5 6 3 1
10 5 14 5 5 6 3 1
10 10 2 5 5 6 3 1
10 10 8 5 5 6 3 1
10 10 14 5 5 6 3 1
10 15 2 5 5 6 3 1
10 15 8 5 5 6 3 1
10 15 14 5 5 6 3 1
15 0 2 5 5 6 3 1
15 0 8 5 5 6 3 1
15 0 14 5 5 6 3 1
15 5 2 5 5 6 3 1
15 5 8 5 5 6 3 1
15 5 14 5 5 6 3 1
15 10 2 5 5 6 3 1
15 10 8 5 5 6 3 1
15 10 14 5 5 6 3 1
15 15 2 5 5 6 3 1
15 15 8 5 5 6 3 1
15 15 14 5 5 6 3 1
0 12 2 2 3 4 4 1
0 12 6 2 3 4 4 1
2 12 2 2 3 4 4 1
2 12 6 2 3 4 4 1
4 12 2 2 3 4 4 1
4 12 6 2 3 4 4 1
6 12 2 2 3 4 4 1
6 12 6 2 3 4 4 1
8 0 0 2 3 4 4 1
8 0 4 2 3 4 4 1
8 0 8 2 3 4 4 1
8 0 12 2 3 4 4 1
8 0 16 2 3 4 4 1
8 3 0 2 3 4 4 1
8 3 4 2 3 4 4 1
8 3 8 2 3 4 4 1
8 3 12 2 3 4 4 1
8 3 16 2 3 4 4 1
8 6 0 2 3 4 4 1
8 6 4 2 3 4 4 1
8 6 8 2 3 4 4 1
8 6 12 2 3 4 4 1
8 6 16 2 3 4 4 1
8 9 0 2 3 4 4 1
8 9 4 2 3 4 4 1
8 9 8 2 3 4 4 1
8 9 12 2 3 4 4 1
8 9 16 2 3 4 4 1
8 12 0 2 3 4 4 1
8 12 4 2 3 4 4 1
8 12 8 2 3 4 4 1
8 12 12 2 3 4 4 1
8 12 16 2 3 4 4 1
0 12 0 2 4 2 5 1
0 16 0 2 4 2 5 1
2 12 0 2 4 2 5 1
2 16 0 2 4 2 5 1
4 12 0 2 4 2 5 1
4 16 0 2 4 2 5 1
6 12 0 2 4 2 5 1
6 16 0 2 4 2 5 1
8 16 0 2 4 2 5 1
10 0 0 2 4 2 5 1
10 4 0 2 4 2 5 1
10 8 0 2 4 2 5 1
10 12 0 2 4 2 5 1
10 16 0 2 4 2 5 1
12 0 0 2 4 2 5 1
12 4 0 2 4 2 5 1
12 8 0 2 4 2 5 1
12 12 0 2 4 2 5 1
12 16 0 2 4 2 5 1
14 0 0 2 4 2 5 1
14 4 0 2 4 2 5 1
14 8 0 2 4 2 5 1
14 12 0 2 4 2 5 1
14 16 0 2 4 2 5 1
16 0 0 2 4 2 5 1
16 4 0 2 4 2 5 1
16 8 0 2 4 2 5 1
16 12 0 2 4 2 5 1
16 16 0 2 4 2 5 1
18 0 0 2 4 2 5 1
18 4 0 2 4 2 5 1
18 8 0 2 4 2 5 1
18 12 0 2 4 2 5 1
18 16 0 2 4 2 5 1
