20 20 20
0 0 16 4 4 2 1 1
0 0 18 4 4 2 1 1
0 4 16 4 4 2 1 1
0 4 18 4 4 2 1 1
0 8 0 4 4 2 1 1
0 8 10 4 4 2 1 1
0 8 12 4 4 2 1 1
0 8 14 4 4 2 1 1
0 8 16 4 4 2 1 1
0 8 18 4 4 2 1 1
0 12 0 4 4 2 1 1
0 12 18 4 4 2 1 1
0 16 0 4 4 2 1 1
0 16 2 4 4 2 1 1
0 16 4 4 4 2 1 1
0 16 6 4 4 2 1 1
0 16 8 4 4 2 1 1
0 16 18 4 4 2 1 1
4 8 4 4 4 2 1 1
4 8 6 4 4 2 1 1
4 8 8 4 4 2 1 1
4 8 10 4 4 2 1 1
4 8 16 4 4 2 1 1
4 8 18 4 4 2 1 1
4 16 0 4 4 2 1 1
4 16 2 4 4 2 1 1
4 16 12 4 4 2 1 1
4 16 14 4 4 2 1 1
6 12 16 4 4 2 1 1
6 12 18 4 4 2 1 1
6 16 16 4 4 2 1 1
6 16 18 4 4 2 1 1
8 8 0 4 4 2 1 1
8 8 2 4 4 2 1 1
8 8 4 4 4 2 1 1
8 8 6 4 4 2 1 1
8 8 12 4 4 2 1 1
8 8 14 4 4 2 1 1
8 8 16 4 4 2 1 1
8 8 18 4 4 2 1 1
8 12 0 4 4 2 1 1
8 12 2 4 4 2 1 1
8 16 0 4 4 2 1 1
8 16 2 4 4 2 1 1
8 16 8 4 4 2 1 1
8 16 10 4 4 2 1 1
10 0 16 4 4 2 1 1
10 0 18 4 4 2 1 1
10 4 16 4 4 2 1 1
10 4 18 4 4 2 1 1
12 8 0 4 4 2 1 1
12 8 2 4 4 2 1 1
12 8 4 4 4 2 1 1
12 8 6 4 4 2 1 1
12 8 16 4 4 2 1 1
12 8 18 4 4 2 1 1
12 12 4 4 4 2 1 1
12 12 6 4 4 2 1 1
12 16 4 4 4 2 1 1
12 16 6 4 4 2 1 1
12 16 8 4 4 2 1 1
12 16 10 4 4 2 1 1
12 16 12 4 4 2 1 1
12 16 14 4 4 2 1 1
16 0 0 4 4 2 1 1
16 0 2 4 4 2 1 1
16 0 4 4 4 2 1 1
16 0 6 4 4 2 1 1
16 0 8 4 4 2 1 1
16 0 10 4 4 2 1 1
16 0 12 4 4 2 1 1
16 0 14 4 4 2 1 1
16 0 16 4 4 2 1 1
16 0 18 4 4 2 1 1
16 4 0 4 4 2 1 1
16 4 2 4 4 2 1 1
16 4 8 4 4 2 1 1
16 4 10 4 4 2 1 1
16 4 12 4 4 2 1 1
16 4 18 4 4 2 1 1
16 8 0 4 4 2 1 1
16 8 2 4 4 2 1 1
16 8 8 4 4 2 1 1
16 8 10 4 4 2 1 1
16 8 12 4 4 2 1 1
16 8 18 4 4 2 1 1
16 12 4 4 4 2 1 1
16 12 6 4 4 2 1 1
16 12 8 4 4 2 1 1
16 12 18 4 4 2 1 1
16 16 4 4 4 2 1 1
16 16 6 4 4 2 1 1
16 16 8 4 4 2 1 1
16 16 18 4 4 2 1 1
0 0 0 7 4 3 2 1
0 0 3 7 4 3 2 1
0 0 10 7 4 3 2 1
0 0 13 7 4 3 2 1
0 4 0 7 4 3 2 1
0 4 3 7 4 3 2 1
0 4 10 7 4 3 2 1
0 4 13 7 4 3 2 1
7 0 0 7 4 3 2 1
7 0 3 7 4 3 2 1
7 0 10 7 4 3 2 1
7 0 13 7 4 3 2 1
7 4 0 7 4 3 2 1
7 4 3 7 4 3 2 1
7 4 10 7 4 3 2 1
7 4 13 7 4 3 2 1
0 0 6 2 8 4 4 1
0 8 2 2 8 4 4 1
0 8 6 2 8 4 4 1
0 12 10 2 8 4 4 1
0 12 14 2 8 4 4 1
2 0 6 2 8 4 4 1
2 8 2 2 8 4 4 1
2 8 6 2 8 4 4 1
2 12 10 2 8 4 4 1
2 12 14 2 8 4 4 1
4 0 6 2 8 4 4 1
4 0 16 2 8 4 4 1
4 8 0 2 8 4 4 1
4 8 12 2 8 4 4 1
4 12 4 2 8 4 4 1
4 12 8 2 8 4 4 1
4 12 16 2 8 4 4 1
6 0 6 2 8 4 4 1
6 0 16 2 8 4 4 1
6 8 0 2 8 4 4 1
6 8 12 2 8 4 4 1
6 12 4 2 8 4 4 1
6 12 8 2 8 4 4 1
8 0 6 2 8 4 4 1
8 0 16 2 8 4 4 1
8 8 8 2 8 4 4 1
8 12 4 2 8 4 4 1
8 12 12 2 8 4 4 1
10 0 6 2 8 4 4 1
10 8 8 2 8 4 4 1
10 12 4 2 8 4 4 1
10 12 12 2 8 4 4 1
10 12 16 2 8 4 4 1
12 0 6 2 8 4 4 1
12 8 8 2 8 4 4 1
12 8 12 2 8 4 4 1
12 12 0 2 8 4 4 1
12 12 16 2 8 4 4 1
14 0 0 2 8 4 4 1
14 0 4 2 8 4 4 1
14 0 8 2 8 4 4 1
14 0 12 2 8 4 4 1
14 0 16 2 8 4 4 1
14 8 8 2 8 4 4 1
14 8 12 2 8 4 4 1
14 12 0 2 8 4 4 1
14 12 16 2 8 4 4 1
16 4 4 2 8 4 4 1
16 4 14 2 8 4 4 1
16 12 0 2 8 4 4 1
16 12 10 2 8 4 4 1
16 12 14 2 8 4 4 1
18 4 4 2 8 4 4 1
18 4 14 2 8 4 4 1
18 12 0 2 8 4 4 1
18 12 10 2 8 4 4 1
18 12 14 2 8 4 4 1
