20 20 20
6 17 0 7 3 7 1 1
13 17 0 7 3 7 1 1
13 17 7 7 3 7 1 1
0 0 0 9 4 5 2 1
0 0 5 9 4 5 2 1
0 0 10 9 4 5 2 1
0 0 15 9 4 5 2 1
0 4 0 9 4 5 2 1
0 4 5 9 4 5 2 1
0 4 10 9 4 5 2 1
0 4 15 9 4 5 2 1
0 8 0 5 3 5 3 1
0 8 5 5 3 5 3 1
0 8 10 5 3 5 3 1
0 8 15 5 3 5 3 1
0 11 0 5 3 5 3 1
0 11 5 5 3 5 3 1
0 11 10 5 3 5 3 1
0 11 15 5 3 5 3 1
0 14 0 5 3 5 3 1
0 14 5 5 3 5 3 1
0 14 10 5 3 5 3 1
0 14 15 5 3 5 3 1
0 17 0 5 3 5 3 1
0 17 5 5 3 5 3 1
0 17 10 5 3 5 3 1
0 17 15 5 3 5 3 1
5 14 0 5 3 5 3 1
5 14 5 5 3 5 3 1
5 14 10 5 3 5 3 1
5 14 15 5 3 5 3 1
5 17 15 5 3 5 3 1
6 17 10 5 3 5 3 1
10 14 0 5 3 5 3 1
10 14 5 5 3 5 3 1
10 14 10 5 3 5 3 1
10 14 15 5 3 5 3 1
10 17 15 5 3 5 3 1
15 2 0 5 3 5 3 1
15 2 5 5 3 5 3 1
15 2 10 5 3 5 3 1
15 2 15 5 3 5 3 1
15 5 0 5 3 5 3 1
15 5 5 5 3 5 3 1
15 5 10 5 3 5 3 1
15 5 15 5 3 5 3 1
15 14 0 5 3 5 3 1
15 14 5 5 3 5 3 1
15 14 10 5 3 5 3 1
15 14 15 5 3 5 3 1
15 17 15 5 3 5 3 1
5 8 14 9 2 6 4 1
5 10 14 9 2 6 4 1
5 12 14 9 2 6 4 1
11 0 0 9 2 6 4 1
11 0 7 9 2 6 4 1
11 0 14 9 2 6 4 1
11 8 0 9 2 6 4 1
11 8 7 9 2 6 4 1
11 10 0 9 2 6 4 1
11 10 7 9 2 6 4 1
11 12 0 9 2 6 4 1
11 12 7 9 2 6 4 1
5 8 0 6 6 6 5 1
5 8 7 6 6 6 5 1
9 2 0 6 6 6 5 1
9 2 7 6 6 6 5 1
9 2 14 6 6 6 5 1
14 8 14 6 6 6 5 1
