20 20 20
0 15 0 9 5 4 2 1
0 15 4 9 5 4 2 1
0 15 8 9 5 4 2 1
0 15 12 9 5 4 2 1
0 15 16 9 5 4 2 1
10 15 0 9 5 4 2 1
10 15 4 9 5 4 2 1
10 15 8 9 5 4 2 1
10 15 12 9 5 4 2 1
10 15 16 9 5 4 2 1
0 0 0 5 8 3 3 1
0 0 3 5 8 3 3 1
0 0 11 5 8 3 3 1
0 7 6 5 8 3 3 1
0 7 14 5 8 3 3 1
0 7 17 5 8 3 3 1
5 0 0 5 8 3 3 1
5 0 3 5 8 3 3 1
5 0 11 5 8 3 3 1
5 7 6 5 8 3 3 1
5 7 14 5 8 3 3 1
5 7 17 5 8 3 3 1
10 0 11 5 8 3 3 1
10 0 14 5 8 3 3 1
10 0 17 5 8 3 3 1
10 7 0 5 8 3 3 1
10 7 3 5 8 3 3 1
10 7 6 5 8 3 3 1
15 0 0 5 8 3 3 1
15 0 3 5 8 3 3 1
15 0 11 5 8 3 3 1
15 0 14 5 8 3 3 1
15 0 17 5 8 3 3 1
15 7 6 5 8 3 3 1
0 0 6 4 7 5 4 1
0 8 9 4 7 5 4 1
4 0 6 4 7 5 4 1
4 8 9 4 7 5 4 1
8 0 6 4 7 5 4 1
8 8 9 4 7 5 4 1
12 0 6 4 7 5 4 1
12 8 9 4 7 5 4 1
16 0 6 4 7 5 4 1
16 8 9 4 7 5 4 1
0 0 14 5 7 6 5 1
0 8 0 5 7 6 5 1
5 0 14 5 7 6 5 1
5 8 0 5 7 6 5 1
10 0 0 5 7 6 5 1
10 8 14 5 7 6 5 1
15 8 0 5 7 6 5 1
15 8 14 5 7 6 5 1
