20 20 20
0 0 0 9 2 2 1 1
0 0 2 9 2 2 1 1
0 0 4 9 2 2 1 1
0 0 6 9 2 2 1 1
0 0 16 9 2 2 1 1
0 0 18 9 2 2 1 1
0 2 0 9 2 2 1 1
0 4 0 9 2 2 1 1
0 6 0 9 2 2 1 1
0 8 0 9 2 2 1 1
0 10 0 9 2 2 1 1
0 12 0 9 2 2 1 1
0 14 0 9 2 2 1 1
0 16 0 9 2 2 1 1
0 18 0 9 2 2 1 1
5 0 8 9 2 2 1 1
5 0 10 9 2 2 1 1
5 2 2 9 2 2 1 1
5 4 2 9 2 2 1 1
5 6 2 9 2 2 1 1
5 8 2 9 2 2 1 1
5 10 2 9 2 2 1 1
5 12 2 9 2 2 1 1
5 14 2 9 2 2 1 1
5 16 2 9 2 2 1 1
5 18 2 9 2 2 1 1
5 18 6 9 2 2 1 1
11 0 0 9 2 2 1 1
11 0 2 9 2 2 1 1
11 0 6 9 2 2 1 1
11 0 12 9 2 2 1 1
11 0 14 9 2 2 1 1
11 0 16 9 2 2 1 1
11 0 18 9 2 2 1 1
11 9 4 9 2 2 1 1
11 18 16 9 2 2 1 1
11 18 18 9 2 2 1 1
0 18 8 6 2 4 2 1
0 18 12 6 2 4 2 1
5 0 12 6 2 4 2 1
5 18 16 6 2 4 2 1
6 18 12 6 2 4 2 1
8 18 8 6 2 4 2 1
14 0 8 6 2 4 2 1
14 2 0 6 2 4 2 1
14 4 0 6 2 4 2 1
14 6 0 6 2 4 2 1
14 8 0 6 2 4 2 1
14 10 0 6 2 4 2 1
14 10 16 6 2 4 2 1
14 12 0 6 2 4 2 1
14 12 16 6 2 4 2 1
14 14 0 6 2 4 2 1
14 14 16 6 2 4 2 1
14 16 0 6 2 4 2 1
14 16 16 6 2 4 2 1
14 18 0 6 2 4 2 1
14 10 6 3 5 5 3 1
14 10 11 3 5 5 3 1
14 15 6 3 5 5 3 1
14 15 11 3 5 5 3 1
17 10 6 3 5 5 3 1
17 10 11 3 5 5 3 1
17 15 6 3 5 5 3 1
17 15 11 3 5 5 3 1
5 2 6 3 8 7 4 1
5 2 13 3 8 7 4 1
5 10 6 3 8 7 4 1
5 10 13 3 8 7 4 1
8 2 6 3 8 7 4 1
8 2 13 3 8 7 4 1
8 10 6 3 8 7 4 1
8 10 13 3 8 7 4 1
11 2 6 3 8 7 4 1
11 2 13 3 8 7 4 1
11 10 6 3 8 7 4 1
11 10 13 3 8 7 4 1
14 2 6 3 8 7 4 1
14 2 13 3 8 7 4 1
17 2 6 3 8 7 4 1
17 2 13 3 8 7 4 1
0 0 8 5 9 2 5 1
0 0 10 5 9 2 5 1
0 0 12 5 9 2 5 1
0 0 14 5 9 2 5 1
0 2 2 5 9 2 5 1
0 2 4 5 9 2 5 1
0 2 6 5 9 2 5 1
0 2 16 5 9 2 5 1
0 2 18 5 9 2 5 1
0 9 8 5 9 2 5 1
0 9 10 5 9 2 5 1
0 9 12 5 9 2 5 1
0 9 14 5 9 2 5 1
0 11 2 5 9 2 5 1
0 11 4 5 9 2 5 1
0 11 6 5 9 2 5 1
0 11 16 5 9 2 5 1
0 11 18 5 9 2 5 1
5 2 4 5 9 2 5 1
5 11 4 5 9 2 5 1
9 2 0 5 9 2 5 1
9 11 0 5 9 2 5 1
10 0 4 5 9 2 5 1
10 11 4 5 9 2 5 1
15 0 4 5 9 2 5 1
15 11 4 5 9 2 5 1
