20 20 20
6 2 6 7 9 5 1 1
6 11 6 7 9 5 1 1
13 2 6 7 9 5 1 1
13 11 6 7 9 5 1 1
0 0 12 8 5 8 2 1
0 5 12 8 5 8 2 1
8 12 11 6 8 9 3 1
14 12 11 6 8 9 3 1
0 2 0 2 6 3 4 1
0 2 3 2 6 3 4 1
0 2 6 2 6 3 4 1
0 2 9 2 6 3 4 1
0 8 0 2 6 3 4 1
0 8 3 2 6 3 4 1
0 8 6 2 6 3 4 1
0 8 9 2 6 3 4 1
0 14 0 2 6 3 4 1
0 14 3 2 6 3 4 1
0 14 6 2 6 3 4 1
0 14 9 2 6 3 4 1
2 2 0 2 6 3 4 1
2 2 3 2 6 3 4 1
2 2 6 2 6 3 4 1
2 2 9 2 6 3 4 1
2 8 0 2 6 3 4 1
2 8 3 2 6 3 4 1
2 8 6 2 6 3 4 1
2 8 9 2 6 3 4 1
2 14 0 2 6 3 4 1
2 14 3 2 6 3 4 1
2 14 6 2 6 3 4 1
2 14 9 2 6 3 4 1
4 2 0 2 6 3 4 1
4 2 3 2 6 3 4 1
4 2 6 2 6 3 4 1
4 2 9 2 6 3 4 1
4 8 0 2 6 3 4 1
4 8 3 2 6 3 4 1
4 8 6 2 6 3 4 1
4 8 9 2 6 3 4 1
4 14 0 2 6 3 4 1
4 14 3 2 6 3 4 1
4 14 6 2 6 3 4 1
4 14 9 2 6 3 4 1
6 2 0 2 6 3 4 1
6 2 3 2 6 3 4 1
6 8 0 2 6 3 4 1
6 8 3 2 6 3 4 1
6 14 0 2 6 3 4 1
6 14 3 2 6 3 4 1
8 0 11 2 6 3 4 1
8 0 14 2 6 3 4 1
8 0 17 2 6 3 4 1
8 2 0 2 6 3 4 1
8 2 3 2 6 3 4 1
8 6 11 2 6 3 4 1
8 6 14 2 6 3 4 1
8 6 17 2 6 3 4 1
8 8 0 2 6 3 4 1
8 8 3 2 6 3 4 1
8 14 0 2 6 3 4 1
8 14 3 2 6 3 4 1
10 0 11 2 6 3 4 1
10 0 14 2 6 3 4 1
10 0 17 2 6 3 4 1
10 2 0 2 6 3 4 1
10 2 3 2 6 3 4 1
10 6 11 2 6 3 4 1
10 6 14 2 6 3 4 1
10 6 17 2 6 3 4 1
10 8 0 2 6 3 4 1
10 8 3 2 6 3 4 1
10 14 0 2 6 3 4 1
10 14 3 2 6 3 4 1
12 2 0 2 6 3 4 1
12 2 3 2 6 3 4 1
12 6 11 2 6 3 4 1
12 6 14 2 6 3 4 1
12 6 17 2 6 3 4 1
12 8 0 2 6 3 4 1
12 8 3 2 6 3 4 1
12 14 0 2 6 3 4 1
12 14 3 2 6 3 4 1
14 2 0 2 6 3 4 1
14 2 3 2 6 3 4 1
14 6 11 2 6 3 4 1
14 6 14 2 6 3 4 1
14 6 17 2 6 3 4 1
14 8 0 2 6 3 4 1
14 8 3 2 6 3 4 1
14 14 0 2 6 3 4 1
14 14 3 2 6 3 4 1
16 0 0 2 6 3 4 1
16 0 3 2 6 3 4 1
16 6 3 2 6 3 4 1
16 6 11 2 6 3 4 1
16 6 14 2 6 3 4 1
16 6 17 2 6 3 4 1
16 8 0 2 6 3 4 1
16 12 3 2 6 3 4 1
16 14 0 2 6 3 4 1
18 2 0 2 6 3 4 1
18 2 3 2 6 3 4 1
18 6 11 2 6 3 4 1
18 6 14 2 6 3 4 1
18 6 17 2 6 3 4 1
18 8 0 2 6 3 4 1
18 8 3 2 6 3 4 1
18 14 0 2 6 3 4 1
18 14 3 2 6 3 4 1
0 0 0 8 2 4 5 1
0 0 4 8 2 4 5 1
0 0 8 8 2 4 5 1
0 10 12 8 2 4 5 1
0 10 16 8 2 4 5 1
0 12 12 8 2 4 5 1
0 12 16 8 2 4 5 1
0 14 12 8 2 4 5 1
0 14 16 8 2 4 5 1
0 16 12 8 2 4 5 1
0 16 16 8 2 4 5 1
0 18 12 8 2 4 5 1
0 18 16 8 2 4 5 1
8 0 0 8 2 4 5 1
8 0 4 8 2 4 5 1
12 0 8 8 2 4 5 1
12 0 12 8 2 4 5 1
12 0 16 8 2 4 5 1
12 2 12 8 2 4 5 1
12 2 16 8 2 4 5 1
12 4 11 8 2 4 5 1
12 4 16 8 2 4 5 1
