20 20 20
0 2 8 3 3 8 2 1
0 5 8 3 3 8 2 1
0 14 8 3 3 8 2 1
0 17 8 3 3 8 2 1
3 2 8 3 3 8 2 1
3 5 8 3 3 8 2 1
3 14 8 3 3 8 2 1
3 17 8 3 3 8 2 1
4 2 0 3 3 8 2 1
4 5 0 3 3 8 2 1
4 12 0 3 3 8 2 1
4 15 0 3 3 8 2 1
6 6 12 3 3 8 2 1
6 9 12 3 3 8 2 1
7 2 0 3 3 8 2 1
7 5 0 3 3 8 2 1
7 12 0 3 3 8 2 1
7 15 0 3 3 8 2 1
9 6 12 3 3 8 2 1
9 9 12 3 3 8 2 1
10 0 4 3 3 8 2 1
10 0 12 3 3 8 2 1
10 3 4 3 3 8 2 1
10 3 12 3 3 8 2 1
10 12 0 3 3 8 2 1
10 15 0 3 3 8 2 1
12 12 8 3 3 8 2 1
12 15 8 3 3 8 2 1
13 0 12 3 3 8 2 1
13 3 12 3 3 8 2 1
13 12 0 3 3 8 2 1
13 15 0 3 3 8 2 1
15 0 4 3 3 8 2 1
15 3 4 3 3 8 2 1
17 12 8 3 3 8 2 1
17 15 8 3 3 8 2 1
0 0 0 2 2 4 3 1
0 0 4 2 2 4 3 1
0 0 8 2 2 4 3 1
0 0 12 2 2 4 3 1
0 0 16 2 2 4 3 1
0 2 0 2 2 4 3 1
0 2 4 2 2 4 3 1
0 2 16 2 2 4 3 1
0 4 0 2 2 4 3 1
0 4 4 2 2 4 3 1
0 4 16 2 2 4 3 1
0 6 0 2 2 4 3 1
0 6 4 2 2 4 3 1
0 6 16 2 2 4 3 1
0 8 0 2 2 4 3 1
0 8 16 2 2 4 3 1
0 10 0 2 2 4 3 1
0 10 4 2 2 4 3 1
0 10 8 2 2 4 3 1
0 10 12 2 2 4 3 1
0 10 16 2 2 4 3 1
0 12 0 2 2 4 3 1
0 12 4 2 2 4 3 1
0 14 0 2 2 4 3 1
0 14 4 2 2 4 3 1
0 14 16 2 2 4 3 1
0 16 0 2 2 4 3 1
0 16 4 2 2 4 3 1
0 16 16 2 2 4 3 1
0 18 0 2 2 4 3 1
0 18 4 2 2 4 3 1
0 18 16 2 2 4 3 1
2 0 0 2 2 4 3 1
2 0 16 2 2 4 3 1
2 2 0 2 2 4 3 1
2 2 4 2 2 4 3 1
2 2 16 2 2 4 3 1
2 4 0 2 2 4 3 1
2 4 4 2 2 4 3 1
2 4 16 2 2 4 3 1
2 6 0 2 2 4 3 1
2 6 4 2 2 4 3 1
2 6 16 2 2 4 3 1
2 8 0 2 2 4 3 1
2 8 16 2 2 4 3 1
2 10 0 2 2 4 3 1
2 10 4 2 2 4 3 1
2 10 8 2 2 4 3 1
2 10 12 2 2 4 3 1
2 10 16 2 2 4 3 1
2 12 0 2 2 4 3 1
2 12 4 2 2 4 3 1
2 14 0 2 2 4 3 1
2 14 4 2 2 4 3 1
2 14 16 2 2 4 3 1
2 16 0 2 2 4 3 1
2 16 4 2 2 4 3 1
2 16 16 2 2 4 3 1
2 18 0 2 2 4 3 1
2 18 4 2 2 4 3 1
2 18 16 2 2 4 3 1
4 0 0 2 2 4 3 1
4 0 16 2 2 4 3 1
4 2 16 2 2 4 3 1
4 4 16 2 2 4 3 1
4 6 16 2 2 4 3 1
4 8 0 2 2 4 3 1
4 8 16 2 2 4 3 1
4 10 12 2 2 4 3 1
4 10 16 2 2 4 3 1
4 14 16 2 2 4 3 1
4 16 16 2 2 4 3 1
4 18 0 2 2 4 3 1
4 18 4 2 2 4 3 1
4 18 16 2 2 4 3 1
6 0 0 2 2 4 3 1
6 0 16 2 2 4 3 1
6 2 8 2 2 4 3 1
6 2 12 2 2 4 3 1
6 2 16 2 2 4 3 1
6 4 8 2 2 4 3 1
6 4 12 2 2 4 3 1
6 4 16 2 2 4 3 1
6 6 8 2 2 4 3 1
6 18 0 2 2 4 3 1
6 18 16 2 2 4 3 1
8 0 0 2 2 4 3 1
8 0 4 2 2 4 3 1
8 0 8 2 2 4 3 1
8 0 12 2 2 4 3 1
8 0 16 2 2 4 3 1
8 2 8 2 2 4 3 1
8 2 12 2 2 4 3 1
8 2 16 2 2 4 3 1
8 4 8 2 2 4 3 1
8 4 12 2 2 4 3 1
8 4 16 2 2 4 3 1
8 6 8 2 2 4 3 1
8 18 0 2 2 4 3 1
8 18 16 2 2 4 3 1
10 0 0 2 2 4 3 1
10 2 0 2 2 4 3 1
10 4 0 2 2 4 3 1
10 18 0 2 2 4 3 1
10 18 16 2 2 4 3 1
12 0 0 2 2 4 3 1
12 2 0 2 2 4 3 1
12 4 0 2 2 4 3 1
12 6 12 2 2 4 3 1
12 6 16 2 2 4 3 1
12 8 0 2 2 4 3 1
12 8 4 2 2 4 3 1
12 10 12 2 2 4 3 1
12 10 16 2 2 4 3 1
12 12 16 2 2 4 3 1
12 14 16 2 2 4 3 1
12 16 16 2 2 4 3 1
12 18 0 2 2 4 3 1
12 18 4 2 2 4 3 1
12 18 8 2 2 4 3 1
12 18 12 2 2 4 3 1
12 18 16 2 2 4 3 1
13 0 4 2 2 4 3 1
13 0 8 2 2 4 3 1
13 2 4 2 2 4 3 1
13 2 8 2 2 4 3 1
13 4 4 2 2 4 3 1
13 4 8 2 2 4 3 1
14 0 0 2 2 4 3 1
14 2 0 2 2 4 3 1
14 4 0 2 2 4 3 1
14 6 12 2 2 4 3 1
14 6 16 2 2 4 3 1
14 8 0 2 2 4 3 1
14 8 4 2 2 4 3 1
14 10 12 2 2 4 3 1
14 10 16 2 2 4 3 1
14 12 16 2 2 4 3 1
14 14 16 2 2 4 3 1
14 16 16 2 2 4 3 1
14 18 6 2 2 4 3 1
14 18 10 2 2 4 3 1
15 12 8 2 2 4 3 1
15 12 12 2 2 4 3 1
15 14 8 2 2 4 3 1
15 14 12 2 2 4 3 1
15 16 8 2 2 4 3 1
15 16 12 2 2 4 3 1
16 0 0 2 2 4 3 1
16 0 12 2 2 4 3 1
16 0 16 2 2 4 3 1
16 2 0 2 2 4 3 1
16 2 12 2 2 4 3 1
16 2 16 2 2 4 3 1
16 4 0 2 2 4 3 1
16 4 12 2 2 4 3 1
16 4 16 2 2 4 3 1
16 6 0 2 2 4 3 1
16 6 4 2 2 4 3 1
16 6 8 2 2 4 3 1
16 6 12 2 2 4 3 1
16 6 16 2 2 4 3 1
16 8 0 2 2 4 3 1
16 8 4 2 2 4 3 1
16 10 0 2 2 4 3 1
16 10 4 2 2 4 3 1
16 10 8 2 2 4 3 1
16 10 12 2 2 4 3 1
16 10 16 2 2 4 3 1
16 12 0 2 2 4 3 1
16 12 4 2 2 4 3 1
16 12 16 2 2 4 3 1
16 14 0 2 2 4 3 1
16 14 4 2 2 4 3 1
16 14 16 2 2 4 3 1
16 16 0 2 2 4 3 1
16 16 4 2 2 4 3 1
16 16 16 2 2 4 3 1
16 18 6 2 2 4 3 1
16 18 10 2 2 4 3 1
18 0 0 2 2 4 3 1
18 0 4 2 2 4 3 1
18 0 8 2 2 4 3 1
18 0 12 2 2 4 3 1
18 0 16 2 2 4 3 1
18 2 0 2 2 4 3 1
18 2 4 2 2 4 3 1
18 2 8 2 2 4 3 1
18 2 12 2 2 4 3 1
18 2 16 2 2 4 3 1
18 4 0 2 2 4 3 1
18 4 4 2 2 4 3 1
18 4 8 2 2 4 3 1
18 4 12 2 2 4 3 1
18 4 16 2 2 4 3 1
18 6 0 2 2 4 3 1
18 6 4 2 2 4 3 1
18 6 8 2 2 4 3 1
18 6 12 2 2 4 3 1
18 6 16 2 2 4 3 1
18 8 0 2 2 4 3 1
18 8 4 2 2 4 3 1
18 8 8 2 2 4 3 1
18 8 12 2 2 4 3 1
18 8 16 2 2 4 3 1
18 10 0 2 2 4 3 1
18 10 4 2 2 4 3 1
18 10 8 2 2 4 3 1
18 10 12 2 2 4 3 1
18 10 16 2 2 4 3 1
18 12 0 2 2 4 3 1
18 12 4 2 2 4 3 1
18 12 16 2 2 4 3 1
18 14 0 2 2 4 3 1
18 14 4 2 2 4 3 1
18 14 16 2 2 4 3 1
18 16 0 2 2 4 3 1
18 16 4 2 2 4 3 1
18 16 16 2 2 4 3 1
18 18 6 2 2 4 3 1
18 18 10 2 2 4 3 1
0 8 4 6 2 6 4 1
0 8 10 6 2 6 4 1
0 12 8 6 2 6 4 1
0 12 14 6 2 6 4 1
2 0 4 6 2 6 4 1
2 0 10 6 2 6 4 1
4 10 0 6 2 6 4 1
4 10 6 6 2 6 4 1
6 8 0 6 2 6 4 1
6 8 6 6 2 6 4 1
6 12 8 6 2 6 4 1
6 12 14 6 2 6 4 1
6 14 8 6 2 6 4 1
6 14 14 6 2 6 4 1
6 16 8 6 2 6 4 1
6 16 14 6 2 6 4 1
6 18 4 6 2 6 4 1
6 18 10 6 2 6 4 1
10 6 0 6 2 6 4 1
10 6 6 6 2 6 4 1
10 10 0 6 2 6 4 1
10 10 6 6 2 6 4 1
12 8 8 6 2 6 4 1
12 8 14 6 2 6 4 1
14 18 0 6 2 6 4 1
14 18 14 6 2 6 4 1
