20 20 20
6 0 0 7 3 4 1 1
6 0 4 7 3 4 1 1
6 0 8 7 3 4 1 1
6 3 8 7 3 4 1 1
6 6 8 7 3 4 1 1
6 8 0 7 3 4 1 1
6 11 0 7 3 4 1 1
6 14 0 7 3 4 1 1
6 14 4 7 3 4 1 1
6 14 8 7 3 4 1 1
6 17 0 7 3 4 1 1
6 17 4 7 3 4 1 1
6 17 8 7 3 4 1 1
13 0 0 7 3 4 1 1
13 0 4 7 3 4 1 1
13 0 16 7 3 4 1 1
13 3 16 7 3 4 1 1
13 6 16 7 3 4 1 1
13 8 0 7 3 4 1 1
13 9 4 7 3 4 1 1
13 9 16 7 3 4 1 1
13 11 0 7 3 4 1 1
13 12 4 7 3 4 1 1
13 12 16 7 3 4 1 1
13 14 0 7 3 4 1 1
13 17 0 7 3 4 1 1
0 0 0 6 6 5 3 1
0 0 5 6 6 5 3 1
0 0 10 6 6 5 3 1
0 0 15 6 6 5 3 1
0 6 0 6 6 5 3 1
0 6 5 6 6 5 3 1
0 6 10 6 6 5 3 1
0 6 15 6 6 5 3 1
0 12 0 6 8 4 4 1
0 12 4 6 8 4 4 1
0 12 8 6 8 4 4 1
0 12 12 6 8 4 4 1
0 12 16 6 8 4 4 1
6 0 12 7 5 8 5 1
6 3 0 7 5 8 5 1
6 5 12 7 5 8 5 1
6 9 4 7 5 8 5 1
6 10 12 7 5 8 5 1
6 15 12 7 5 8 5 1
13 0 8 7 5 8 5 1
13 3 0 7 5 8 5 1
13 5 8 7 5 8 5 1
13 10 8 7 5 8 5 1
13 15 4 7 5 8 5 1
13 15 12 7 5 8 5 1
