20 20 20
0 0 18 3 3 2 1 1
0 8 4 3 3 2 1 1
0 17 6 3 3 2 1 1
0 17 8 3 3 2 1 1
0 17 10 3 3 2 1 1
0 17 12 3 3 2 1 1
3 0 18 3 3 2 1 1
3 8 4 3 3 2 1 1
3 17 10 3 3 2 1 1
3 17 12 3 3 2 1 1
8 17 18 3 3 2 1 1
11 17 18 3 3 2 1 1
14 0 5 3 3 2 1 1
14 0 7 3 3 2 1 1
14 0 12 3 3 2 1 1
14 9 14 3 3 2 1 1
17 0 0 3 3 2 1 1
17 0 5 3 3 2 1 1
17 0 7 3 3 2 1 1
17 0 12 3 3 2 1 1
6 0 16 8 7 4 2 1
6 8 6 8 7 4 2 1
6 13 13 8 7 4 2 1
0 0 2 6 8 3 3 1
0 0 5 6 8 3 3 1
0 0 8 6 8 3 3 1
0 0 11 6 8 3 3 1
0 0 14 6 8 3 3 1
0 3 17 6 8 3 3 1
0 12 0 6 8 3 3 1
0 12 3 6 8 3 3 1
0 12 14 6 8 3 3 1
0 12 17 6 8 3 3 1
6 0 2 6 8 3 3 1
6 9 0 6 8 3 3 1
6 9 17 6 8 3 3 1
6 12 3 6 8 3 3 1
6 12 10 6 8 3 3 1
8 0 5 6 8 3 3 1
14 0 2 6 8 3 3 1
14 0 14 6 8 3 3 1
14 3 5 6 8 3 3 1
14 3 8 6 8 3 3 1
14 3 11 6 8 3 3 1
14 3 17 6 8 3 3 1
14 12 0 6 8 3 3 1
14 12 3 6 8 3 3 1
14 12 6 6 8 3 3 1
14 12 17 6 8 3 3 1
0 3 0 5 7 2 4 1
5 0 0 5 7 2 4 1
10 0 0 5 7 2 4 1
15 3 0 5 7 2 4 1
0 9 6 6 8 8 5 1
8 0 8 6 8 8 5 1
14 12 9 6 8 8 5 1
