20 20 20
0 0 0 5 4 4 1 1
0 0 4 5 4 4 1 1
0 0 8 5 4 4 1 1
0 0 12 5 4 4 1 1
0 0 16 5 4 4 1 1
0 4 0 5 4 4 1 1
0 4 4 5 4 4 1 1
0 4 8 5 4 4 1 1
0 4 12 5 4 4 1 1
0 4 16 5 4 4 1 1
0 8 0 5 4 4 1 1
0 8 4 5 4 4 1 1
0 8 8 5 4 4 1 1
0 8 12 5 4 4 1 1
0 8 16 5 4 4 1 1
0 12 0 5 4 4 1 1
0 12 4 5 4 4 1 1
0 12 8 5 4 4 1 1
0 12 12 5 4 4 1 1
0 12 16 5 4 4 1 1
0 16 0 5 4 4 1 1
0 16 4 5 4 4 1 1
0 16 8 5 4 4 1 1
0 16 12 5 4 4 1 1
0 16 16 5 4 4 1 1
5 0 0 5 4 4 1 1
5 0 4 5 4 4 1 1
5 0 8 5 4 4 1 1
5 0 12 5 4 4 1 1
5 0 16 5 4 4 1 1
5 4 0 5 4 4 1 1
5 4 4 5 4 4 1 1
5 4 8 5 4 4 1 1
5 4 12 5 4 4 1 1
5 4 16 5 4 4 1 1
5 8 0 5 4 4 1 1
5 8 4 5 4 4 1 1
5 8 8 5 4 4 1 1
5 8 12 5 4 4 1 1
5 8 16 5 4 4 1 1
5 12 0 5 4 4 1 1
5 12 4 5 4 4 1 1
5 12 8 5 4 4 1 1
5 12 12 5 4 4 1 1
5 12 16 5 4 4 1 1
5 16 0 5 4 4 1 1
5 16 4 5 4 4 1 1
5 16 8 5 4 4 1 1
5 16 12 5 4 4 1 1
5 16 16 5 4 4 1 1
10 0 0 5 4 4 1 1
10 0 4 5 4 4 1 1
10 0 8 5 4 4 1 1
10 0 12 5 4 4 1 1
10 0 16 5 4 4 1 1
10 4 0 5 4 4 1 1
10 4 4 5 4 4 1 1
10 4 8 5 4 4 1 1
10 4 12 5 4 4 1 1
10 4 16 5 4 4 1 1
10 8 0 5 4 4 1 1
10 8 4 5 4 4 1 1
10 8 8 5 4 4 1 1
10 8 12 5 4 4 1 1
10 8 16 5 4 4 1 1
10 12 0 5 4 4 1 1
10 12 4 5 4 4 1 1
10 12 8 5 4 4 1 1
10 12 12 5 4 4 1 1
10 12 16 5 4 4 1 1
10 16 0 5 4 4 1 1
10 16 4 5 4 4 1 1
10 16 8 5 4 4 1 1
10 16 12 5 4 4 1 1
10 16 16 5 4 4 1 1
15 0 0 5 4 4 1 1
15 0 4 5 4 4 1 1
15 0 8 5 9 6 2 1
15 0 14 5 9 6 2 1
15 4 0 5 9 6 2 1
15 9 6 5 9 6 2 1
15 9 12 5 9 6 2 1
