20 20 20
0 0 0 2 2 9 1 1
0 0 9 2 2 9 1 1
0 2 0 2 2 9 1 1
0 2 9 2 2 9 1 1
0 4 0 2 2 9 1 1
0 4 9 2 2 9 1 1
0 6 0 2 2 9 1 1
0 6 9 2 2 9 1 1
0 8 0 2 2 9 1 1
0 8 9 2 2 9 1 1
0 10 0 2 2 9 1 1
0 10 9 2 2 9 1 1
0 12 0 2 2 9 1 1
0 12 9 2 2 9 1 1
0 14 0 2 2 9 1 1
0 14 9 2 2 9 1 1
0 16 0 2 2 9 1 1
0 16 9 2 2 9 1 1
0 18 0 2 2 9 1 1
0 18 9 2 2 9 1 1
2 0 0 2 2 9 1 1
2 0 9 2 2 9 1 1
2 2 0 2 2 9 1 1
2 2 9 2 2 9 1 1
2 4 0 2 2 9 1 1
2 4 9 2 2 9 1 1
2 6 0 2 2 9 1 1
2 6 9 2 2 9 1 1
2 8 0 2 2 9 1 1
2 8 9 2 2 9 1 1
2 10 0 2 2 9 1 1
2 10 9 2 2 9 1 1
2 12 0 2 2 9 1 1
2 12 9 2 2 9 1 1
2 14 0 2 2 9 1 1
2 14 9 2 2 9 1 1
2 16 0 2 2 9 1 1
2 16 9 2 2 9 1 1
2 18 0 2 2 9 1 1
2 18 9 2 2 9 1 1
4 0 0 2 2 9 1 1
4 0 9 2 2 9 1 1
4 2 0 2 2 9 1 1
4 2 9 2 2 9 1 1
4 4 0 2 2 9 1 1
4 4 9 2 2 9 1 1
4 6 0 2 2 9 1 1
4 6 9 2 2 9 1 1
4 8 0 2 2 9 1 1
4 8 9 2 2 9 1 1
4 10 0 2 2 9 1 1
4 10 9 2 2 9 1 1
4 12 0 2 2 9 1 1
4 12 9 2 2 9 1 1
4 14 0 2 2 9 1 1
4 14 9 2 2 9 1 1
4 16 0 2 2 9 1 1
4 16 9 2 2 9 1 1
4 18 0 2 2 9 1 1
4 18 9 2 2 9 1 1
6 0 0 2 2 9 1 1
6 0 9 2 2 9 1 1
6 2 0 2 2 9 1 1
6 2 9 2 2 9 1 1
6 4 0 2 2 9 1 1
6 4 9 2 2 9 1 1
6 6 0 2 2 9 1 1
6 6 9 2 2 9 1 1
6 8 0 2 2 9 1 1
6 8 9 2 2 9 1 1
6 10 0 2 2 9 1 1
6 10 9 2 2 9 1 1
6 12 0 2 2 9 1 1
6 12 9 2 2 9 1 1
6 14 0 2 2 9 1 1
6 14 9 2 2 9 1 1
6 16 0 2 2 9 1 1
6 16 9 2 2 9 1 1
6 18 0 2 2 9 1 1
6 18 9 2 2 9 1 1
8 0 0 2 2 9 1 1
8 0 9 2 2 9 1 1
8 2 0 7 6 8 2 1
8 2 8 7 6 8 2 1
8 8 0 7 6 7 3 1
8 8 7 7 6 7 3 1
8 14 0 7 6 7 3 1
8 14 7 7 6 7 3 1
8 8 14 4 3 6 4 1
8 11 14 4 3 6 4 1
8 14 14 4 3 6 4 1
8 17 14 4 3 6 4 1
12 8 14 4 3 6 4 1
12 11 14 4 3 6 4 1
12 14 14 4 3 6 4 1
12 17 14 4 3 6 4 1
8 2 16 8 2 4 10 1
8 4 16 8 2 4 10 1
8 6 16 8 2 4 10 1
10 0 0 8 2 4 10 1
10 0 4 8 2 4 10 1
10 0 8 8 2 4 10 1
10 0 12 8 2 4 10 1
10 0 16 8 2 4 10 1
