20 20 20
0 0 0 6 9 9 1 1
0 0 9 6 9 9 1 1
0 9 0 6 9 9 1 1
0 9 9 6 9 9 1 1
6 0 0 2 4 8 2 1
6 0 8 2 4 8 2 1
6 4 0 2 4 8 2 1
6 4 8 2 4 8 2 1
6 8 0 2 4 8 2 1
6 8 8 2 4 8 2 1
6 12 0 2 4 8 2 1
6 12 8 2 4 8 2 1
6 16 0 2 4 8 2 1
6 16 8 2 4 8 2 1
8 0 0 2 4 8 2 1
8 0 8 2 4 8 2 1
8 4 0 2 4 8 2 1
8 4 8 2 4 8 2 1
8 8 0 2 4 8 2 1
8 8 8 2 4 8 2 1
8 12 0 2 4 8 2 1
8 12 8 2 4 8 2 1
8 16 0 2 4 8 2 1
8 16 8 2 4 8 2 1
10 0 0 2 4 8 2 1
10 0 8 2 4 8 2 1
10 4 0 2 4 8 2 1
10 4 8 2 4 8 2 1
10 8 0 2 4 8 2 1
10 8 8 2 4 8 2 1
10 12 0 2 4 8 2 1
10 12 8 2 4 8 2 1
12 0 0 4 6 8 3 1
12 0 8 4 6 8 3 1
12 6 0 4 6 8 3 1
12 6 8 4 6 8 3 1
12 12 0 4 6 8 3 1
12 13 8 5 7 9 4 1
0 0 18 3 7 2 5 1
0 7 18 3 7 2 5 1
3 0 18 3 7 2 5 1
3 7 18 3 7 2 5 1
6 0 16 3 7 2 5 1
6 0 18 3 7 2 5 1
6 7 16 3 7 2 5 1
6 7 18 3 7 2 5 1
9 0 16 3 7 2 5 1
9 0 18 3 7 2 5 1
9 7 16 3 7 2 5 1
9 7 18 3 7 2 5 1
12 0 16 3 7 2 5 1
12 0 18 3 7 2 5 1
12 7 18 3 7 2 5 1
15 0 16 3 7 2 5 1
15 0 18 3 7 2 5 1
15 7 18 3 7 2 5 1
17 0 0 3 7 2 5 1
17 0 2 3 7 2 5 1
17 0 4 3 7 2 5 1
17 0 6 3 7 2 5 1
17 0 8 3 7 2 5 1
17 0 10 3 7 2 5 1
17 0 12 3 7 2 5 1
17 0 14 3 7 2 5 1
17 7 0 3 7 2 5 1
17 7 2 3 7 2 5 1
17 7 4 3 7 2 5 1
17 7 6 3 7 2 5 1
17 7 8 3 7 2 5 1
17 7 10 3 7 2 5 1
17 7 12 3 7 2 5 1
17 7 14 3 7 2 5 1
17 7 16 3 7 2 5 1
0 18 0 4 2 9 6 1
0 18 9 4 2 9 6 1
10 18 0 5 2 5 9 1
15 18 0 5 2 5 9 1
