20 20 20
0 0 0 8 8 3 1 1
0 0 3 8 8 3 1 1
0 0 6 8 8 3 1 1
0 0 9 8 8 3 1 1
0 0 12 8 8 3 1 1
0 0 15 8 8 3 1 1
0 8 0 8 8 3 1 1
0 8 3 6 4 6 2 1
0 8 9 6 4 6 2 1
0 12 3 6 4 6 2 1
0 12 9 6 4 6 2 1
0 16 0 6 4 6 2 1
0 16 6 6 4 6 2 1
0 16 12 6 4 6 2 1
6 8 3 6 4 6 2 1
0 8 15 3 5 3 3 1
3 8 15 3 5 3 3 1
6 8 9 3 5 3 3 1
6 8 12 3 5 3 3 1
6 8 15 3 5 3 3 1
6 12 3 3 5 3 3 1
6 12 6 3 5 3 3 1
6 13 9 3 5 3 3 1
6 13 12 3 5 3 3 1
6 13 15 3 5 3 3 1
8 0 0 3 5 3 3 1
8 0 3 3 5 3 3 1
8 0 6 3 5 3 3 1
8 0 9 3 5 3 3 1
8 0 12 3 5 3 3 1
8 0 15 3 5 3 3 1
8 5 0 3 5 3 3 1
8 10 0 3 5 3 3 1
8 15 0 3 5 3 3 1
9 5 9 3 5 3 3 1
9 5 12 3 5 3 3 1
9 5 15 3 5 3 3 1
9 10 9 3 5 3 3 1
9 10 12 3 5 3 3 1
9 10 15 3 5 3 3 1
9 12 3 3 5 3 3 1
9 12 6 3 5 3 3 1
11 0 0 9 6 9 4 1
9 16 9 7 4 3 5 1
9 16 12 7 4 3 5 1
9 16 15 7 4 3 5 1
11 0 9 7 4 3 5 1
11 0 12 7 4 3 5 1
11 0 15 7 4 3 5 1
11 6 0 7 4 3 5 1
11 10 0 7 4 3 5 1
11 14 0 7 4 3 5 1
13 4 9 7 4 3 5 1
13 4 12 7 4 3 5 1
13 4 15 7 4 3 5 1
13 6 3 7 4 3 5 1
13 6 6 7 4 3 5 1
13 8 9 7 4 3 5 1
13 8 12 7 4 3 5 1
13 8 15 7 4 3 5 1
13 10 3 7 4 3 5 1
13 10 6 7 4 3 5 1
13 14 3 7 4 3 5 1
13 14 6 7 4 3 5 1
0 0 18 2 2 2 7 1
0 2 18 2 2 2 7 1
0 4 18 2 2 2 7 1
0 6 18 2 2 2 7 1
0 8 18 2 2 2 7 1
0 10 18 2 2 2 7 1
0 12 18 2 2 2 7 1
0 13 15 2 2 2 7 1
0 14 18 2 2 2 7 1
0 16 18 2 2 2 7 1
0 18 18 2 2 2 7 1
2 0 18 2 2 2 7 1
2 2 18 2 2 2 7 1
2 4 18 2 2 2 7 1
2 6 18 2 2 2 7 1
2 8 18 2 2 2 7 1
2 10 18 2 2 2 7 1
2 12 18 2 2 2 7 1
2 13 15 2 2 2 7 1
2 14 18 2 2 2 7 1
2 16 18 2 2 2 7 1
2 18 18 2 2 2 7 1
4 0 18 2 2 2 7 1
4 2 18 2 2 2 7 1
4 4 18 2 2 2 7 1
4 6 18 2 2 2 7 1
4 8 18 2 2 2 7 1
4 10 18 2 2 2 7 1
4 12 18 2 2 2 7 1
4 13 15 2 2 2 7 1
4 14 18 2 2 2 7 1
4 16 18 2 2 2 7 1
4 18 18 2 2 2 7 1
6 0 18 2 2 2 7 1
6 2 18 2 2 2 7 1
6 4 18 2 2 2 7 1
6 6 18 2 2 2 7 1
6 8 18 2 2 2 7 1
6 10 18 2 2 2 7 1
6 12 18 2 2 2 7 1
6 14 18 2 2 2 7 1
6 16 0 2 2 2 7 1
6 16 18 2 2 2 7 1
6 18 0 2 2 2 7 1
6 18 2 2 2 2 7 1
6 18 4 2 2 2 7 1
6 18 6 2 2 2 7 1
6 18 8 2 2 2 7 1
6 18 10 2 2 2 7 1
6 18 12 2 2 2 7 1
6 18 14 2 2 2 7 1
6 18 16 2 2 2 7 1
6 18 18 2 2 2 7 1
8 0 18 2 2 2 7 1
8 2 18 2 2 2 7 1
8 4 18 2 2 2 7 1
8 5 3 2 2 2 7 1
8 5 5 2 2 2 7 1
8 5 7 2 2 2 7 1
8 6 18 2 2 2 7 1
8 8 18 2 2 2 7 1
8 10 18 2 2 2 7 1
8 12 18 2 2 2 7 1
8 14 18 2 2 2 7 1
8 16 18 2 2 2 7 1
8 18 3 2 2 2 7 1
8 18 5 2 2 2 7 1
8 18 7 2 2 2 7 1
8 18 18 2 2 2 7 1
10 0 18 2 2 2 7 1
10 2 18 2 2 2 7 1
10 4 18 2 2 2 7 1
10 6 3 2 2 2 7 1
10 6 5 2 2 2 7 1
10 6 7 2 2 2 7 1
10 6 18 2 2 2 7 1
10 8 18 2 2 2 7 1
10 10 18 2 2 2 7 1
10 12 18 2 2 2 7 1
10 14 18 2 2 2 7 1
10 16 18 2 2 2 7 1
10 18 3 2 2 2 7 1
10 18 5 2 2 2 7 1
10 18 7 2 2 2 7 1
10 18 18 2 2 2 7 1
11 18 0 2 2 2 7 1
12 0 18 2 2 2 7 1
12 2 18 2 2 2 7 1
12 4 18 2 2 2 7 1
12 6 18 2 2 2 7 1
12 8 18 2 2 2 7 1
12 10 18 2 2 2 7 1
12 12 9 2 2 2 7 1
12 12 11 2 2 2 7 1
12 12 13 2 2 2 7 1
12 12 15 2 2 2 7 1
12 12 18 2 2 2 7 1
12 14 9 2 2 2 7 1
12 14 11 2 2 2 7 1
12 14 13 2 2 2 7 1
12 14 15 2 2 2 7 1
12 14 18 2 2 2 7 1
12 16 18 2 2 2 7 1
12 18 2 2 2 2 7 1
12 18 4 2 2 2 7 1
12 18 6 2 2 2 7 1
12 18 18 2 2 2 7 1
13 18 0 2 2 2 7 1
14 0 18 2 2 2 7 1
14 2 18 2 2 2 7 1
14 4 18 2 2 2 7 1
14 6 18 2 2 2 7 1
14 8 18 2 2 2 7 1
14 10 18 2 2 2 7 1
14 12 9 2 2 2 7 1
14 12 11 2 2 2 7 1
14 12 13 2 2 2 7 1
14 12 15 2 2 2 7 1
14 12 18 2 2 2 7 1
14 14 9 2 2 2 7 1
14 14 11 2 2 2 7 1
14 14 13 2 2 2 7 1
14 14 15 2 2 2 7 1
14 14 18 2 2 2 7 1
14 16 18 2 2 2 7 1
14 18 2 2 2 2 7 1
14 18 4 2 2 2 7 1
14 18 6 2 2 2 7 1
14 18 18 2 2 2 7 1
15 18 0 2 2 2 7 1
16 0 18 2 2 2 7 1
16 2 18 2 2 2 7 1
16 4 18 2 2 2 7 1
16 6 18 2 2 2 7 1
16 8 18 2 2 2 7 1
16 10 18 2 2 2 7 1
16 12 9 2 2 2 7 1
16 12 11 2 2 2 7 1
16 12 13 2 2 2 7 1
16 12 15 2 2 2 7 1
16 12 18 2 2 2 7 1
16 14 9 2 2 2 7 1
16 14 11 2 2 2 7 1
16 14 13 2 2 2 7 1
16 14 15 2 2 2 7 1
16 14 18 2 2 2 7 1
16 16 9 2 2 2 7 1
16 16 11 2 2 2 7 1
16 16 13 2 2 2 7 1
16 16 15 2 2 2 7 1
16 16 18 2 2 2 7 1
16 18 2 2 2 2 7 1
16 18 4 2 2 2 7 1
16 18 6 2 2 2 7 1
16 18 8 2 2 2 7 1
16 18 10 2 2 2 7 1
16 18 12 2 2 2 7 1
16 18 14 2 2 2 7 1
16 18 16 2 2 2 7 1
16 18 18 2 2 2 7 1
18 0 9 2 2 2 7 1
18 0 11 2 2 2 7 1
18 0 13 2 2 2 7 1
18 0 15 2 2 2 7 1
18 0 18 2 2 2 7 1
18 2 9 2 2 2 7 1
18 2 11 2 2 2 7 1
18 2 13 2 2 2 7 1
18 2 15 2 2 2 7 1
18 2 18 2 2 2 7 1
18 4 18 2 2 2 7 1
18 6 0 2 2 2 7 1
18 6 18 2 2 2 7 1
18 8 0 2 2 2 7 1
18 8 18 2 2 2 7 1
18 10 0 2 2 2 7 1
18 10 18 2 2 2 7 1
18 12 0 2 2 2 7 1
18 12 9 2 2 2 7 1
18 12 11 2 2 2 7 1
18 12 13 2 2 2 7 1
18 12 15 2 2 2 7 1
18 12 18 2 2 2 7 1
18 14 0 2 2 2 7 1
18 14 9 2 2 2 7 1
18 14 11 2 2 2 7 1
18 14 13 2 2 2 7 1
18 14 15 2 2 2 7 1
18 14 18 2 2 2 7 1
18 16 0 2 2 2 7 1
18 16 9 2 2 2 7 1
18 16 11 2 2 2 7 1
18 16 13 2 2 2 7 1
18 16 15 2 2 2 7 1
18 16 18 2 2 2 7 1
18 18 0 2 2 2 7 1
18 18 2 2 2 2 7 1
18 18 4 2 2 2 7 1
18 18 6 2 2 2 7 1
18 18 8 2 2 2 7 1
18 18 10 2 2 2 7 1
18 18 12 2 2 2 7 1
18 18 14 2 2 2 7 1
18 18 16 2 2 2 7 1
18 18 18 2 2 2 7 1
