20 20 20
0 0 0 9 9 3 1 1
0 0 3 9 9 3 1 1
0 0 6 9 9 3 1 1
0 0 9 9 9 3 1 1
0 9 0 9 9 3 1 1
0 9 9 9 9 3 1 1
0 9 12 9 9 3 1 1
0 9 15 9 9 3 1 1
9 0 0 9 9 3 1 1
9 0 3 9 9 3 1 1
9 0 6 9 9 3 1 1
9 0 9 9 9 3 1 1
9 0 12 9 9 3 1 1
9 0 15 9 9 3 1 1
9 9 0 9 9 3 1 1
9 9 3 9 9 3 1 1
9 9 6 9 9 3 1 1
9 9 9 9 9 3 1 1
4 0 12 5 3 3 2 1
4 0 15 5 3 3 2 1
4 3 12 5 3 3 2 1
4 3 15 5 3 3 2 1
4 6 12 5 3 3 2 1
4 6 15 5 3 3 2 1
9 9 12 5 3 3 2 1
9 9 15 5 3 3 2 1
9 12 12 5 3 3 2 1
9 12 15 5 3 3 2 1
9 15 12 5 3 3 2 1
9 15 15 5 3 3 2 1
0 0 18 5 9 2 4 1
0 9 3 5 9 2 4 1
0 9 5 5 9 2 4 1
0 9 7 5 9 2 4 1
0 9 18 5 9 2 4 1
5 0 18 5 9 2 4 1
5 9 18 5 9 2 4 1
10 0 18 5 9 2 4 1
10 9 18 5 9 2 4 1
15 0 18 5 9 2 4 1
15 11 18 5 9 2 4 1
2 18 0 6 2 3 5 1
2 18 3 6 2 3 5 1
0 18 6 3 2 7 7 1
0 18 13 3 2 7 7 1
3 18 6 3 2 7 7 1
3 18 13 3 2 7 7 1
6 18 6 3 2 7 7 1
6 18 13 3 2 7 7 1
9 18 6 3 2 7 7 1
9 18 13 3 2 7 7 1
0 0 12 4 7 6 8 1
5 11 3 4 7 6 8 1
14 13 12 4 7 6 8 1
0 7 12 2 2 6 9 1
0 18 0 2 2 6 9 1
2 7 12 2 2 6 9 1
5 9 3 2 2 6 9 1
7 9 3 2 2 6 9 1
8 18 0 2 2 6 9 1
10 18 0 2 2 6 9 1
12 18 2 2 2 6 9 1
12 18 8 2 2 6 9 1
12 18 14 2 2 6 9 1
14 9 12 2 2 6 9 1
14 18 0 2 2 6 9 1
14 18 6 2 2 6 9 1
15 11 12 2 2 6 9 1
16 9 14 2 2 6 9 1
16 18 0 2 2 6 9 1
16 18 6 2 2 6 9 1
18 0 0 2 2 6 9 1
18 0 6 2 2 6 9 1
18 0 12 2 2 6 9 1
18 2 0 2 2 6 9 1
18 2 6 2 2 6 9 1
18 2 12 2 2 6 9 1
18 4 0 2 2 6 9 1
18 4 6 2 2 6 9 1
18 4 12 2 2 6 9 1
18 6 0 2 2 6 9 1
18 6 6 2 2 6 9 1
18 6 12 2 2 6 9 1
18 8 0 2 2 6 9 1
18 8 6 2 2 6 9 1
18 8 12 2 2 6 9 1
18 10 0 2 2 6 9 1
18 10 6 2 2 6 9 1
18 10 12 2 2 6 9 1
18 12 0 2 2 6 9 1
18 12 6 2 2 6 9 1
18 12 12 2 2 6 9 1
18 14 0 2 2 6 9 1
18 14 6 2 2 6 9 1
18 14 12 2 2 6 9 1
18 16 0 2 2 6 9 1
18 16 6 2 2 6 9 1
18 16 12 2 2 6 9 1
18 18 0 2 2 6 9 1
18 18 6 2 2 6 9 1
18 18 12 2 2 6 9 1
