20 20 20
0 0 0 8 5 3 1 1
0 0 3 8 5 3 1 1
0 0 6 8 5 3 1 1
0 0 9 8 5 3 1 1
0 0 12 8 5 3 1 1
0 0 15 8 5 3 1 1
0 5 0 8 5 3 1 1
0 5 3 8 5 3 1 1
0 5 6 8 5 3 1 1
0 5 9 8 5 3 1 1
0 5 12 8 5 3 1 1
0 10 0 9 3 6 2 1
0 10 6 9 3 6 2 1
0 10 12 9 3 6 2 1
0 13 0 9 3 6 2 1
0 13 6 9 3 6 2 1
0 13 12 9 3 6 2 1
0 16 0 9 3 6 2 1
0 16 6 9 3 6 2 1
0 16 12 9 3 6 2 1
8 0 0 9 3 6 2 1
8 0 6 9 3 6 2 1
8 0 12 9 3 6 2 1
8 3 0 9 3 6 2 1
8 3 6 9 3 6 2 1
8 3 12 9 3 6 2 1
8 6 0 9 3 6 2 1
8 6 6 9 3 6 2 1
8 6 12 9 3 6 2 1
9 9 0 9 3 6 2 1
9 9 6 9 3 6 2 1
9 9 12 9 3 6 2 1
9 12 0 3 7 7 3 1
9 12 7 3 7 7 3 1
12 12 0 3 7 7 3 1
12 12 7 3 7 7 3 1
15 12 0 3 7 7 3 1
15 12 7 3 7 7 3 1
17 0 0 3 7 7 3 1
17 0 7 2 9 6 4 1
17 0 13 2 9 6 4 1
18 7 0 2 9 6 4 1
18 9 6 2 9 6 4 1
18 9 12 2 9 6 4 1
9 12 14 5 6 6 6 1
