20 20 20
0 0 0 8 9 8 1 1
0 0 8 8 9 8 1 1
0 9 0 8 9 8 1 1
7 12 17 4 4 3 2 1
10 14 14 4 4 3 2 1
16 8 17 4 4 3 2 1
0 12 8 5 4 9 3 1
5 9 8 5 4 9 3 1
5 13 8 5 4 9 3 1
8 0 0 5 4 9 3 1
8 0 9 5 4 9 3 1
8 4 0 5 4 9 3 1
8 4 9 5 4 9 3 1
0 12 17 7 4 3 4 1
4 8 17 7 4 3 4 1
11 8 0 9 6 9 5 1
0 0 16 4 2 2 6 1
0 0 18 4 2 2 6 1
0 2 16 4 2 2 6 1
0 2 18 4 2 2 6 1
0 4 16 4 2 2 6 1
0 4 18 4 2 2 6 1
0 9 8 4 2 2 6 1
0 9 10 4 2 2 6 1
0 9 12 4 2 2 6 1
0 9 14 4 2 2 6 1
0 10 16 4 2 2 6 1
0 10 18 4 2 2 6 1
0 16 8 4 2 2 6 1
0 16 10 4 2 2 6 1
0 16 12 4 2 2 6 1
0 16 14 4 2 2 6 1
0 16 16 4 2 2 6 1
0 16 18 4 2 2 6 1
0 18 0 4 2 2 6 1
0 18 2 4 2 2 6 1
0 18 4 4 2 2 6 1
0 18 6 4 2 2 6 1
0 18 8 4 2 2 6 1
0 18 10 4 2 2 6 1
0 18 12 4 2 2 6 1
0 18 14 4 2 2 6 1
0 18 16 4 2 2 6 1
0 18 18 4 2 2 6 1
4 0 16 4 2 2 6 1
4 0 18 4 2 2 6 1
4 2 16 4 2 2 6 1
4 2 18 4 2 2 6 1
4 4 16 4 2 2 6 1
4 4 18 4 2 2 6 1
4 6 16 4 2 2 6 1
4 6 18 4 2 2 6 1
4 18 0 4 2 2 6 1
4 18 2 4 2 2 6 1
4 18 4 4 2 2 6 1
4 18 6 4 2 2 6 1
7 16 18 4 2 2 6 1
7 18 16 4 2 2 6 1
8 0 18 4 2 2 6 1
8 2 18 4 2 2 6 1
8 4 18 4 2 2 6 1
8 6 18 4 2 2 6 1
8 16 0 4 2 2 6 1
8 16 2 4 2 2 6 1
8 16 4 4 2 2 6 1
8 16 6 4 2 2 6 1
8 18 0 4 2 2 6 1
8 18 2 4 2 2 6 1
8 18 4 4 2 2 6 1
8 18 6 4 2 2 6 1
8 18 18 4 2 2 6 1
10 8 9 4 2 2 6 1
10 8 11 4 2 2 6 1
10 10 9 4 2 2 6 1
10 10 11 4 2 2 6 1
10 12 9 4 2 2 6 1
10 12 11 4 2 2 6 1
10 14 12 4 2 2 6 1
10 16 12 4 2 2 6 1
10 18 12 4 2 2 6 1
10 18 14 4 2 2 6 1
11 18 16 4 2 2 6 1
12 0 18 4 2 2 6 1
12 2 18 4 2 2 6 1
12 4 18 4 2 2 6 1
12 6 18 4 2 2 6 1
12 12 13 4 2 2 6 1
12 12 15 4 2 2 6 1
12 14 4 4 2 2 6 1
12 14 6 4 2 2 6 1
12 16 4 4 2 2 6 1
12 16 6 4 2 2 6 1
12 18 4 4 2 2 6 1
12 18 6 4 2 2 6 1
12 18 18 4 2 2 6 1
13 0 0 4 2 2 6 1
13 0 2 4 2 2 6 1
13 0 4 4 2 2 6 1
13 0 6 4 2 2 6 1
13 0 8 4 2 2 6 1
13 0 10 4 2 2 6 1
13 0 12 4 2 2 6 1
13 2 0 4 2 2 6 1
13 2 2 4 2 2 6 1
13 2 8 4 2 2 6 1
13 2 10 4 2 2 6 1
13 2 12 4 2 2 6 1
13 2 14 4 2 2 6 1
13 4 0 4 2 2 6 1
13 4 2 4 2 2 6 1
13 4 8 4 2 2 6 1
13 4 10 4 2 2 6 1
13 4 12 4 2 2 6 1
13 4 14 4 2 2 6 1
13 4 16 4 2 2 6 1
13 6 0 4 2 2 6 1
13 6 2 4 2 2 6 1
13 6 8 4 2 2 6 1
13 6 10 4 2 2 6 1
13 6 12 4 2 2 6 1
14 0 14 4 2 2 6 1
14 0 16 4 2 2 6 1
14 2 16 4 2 2 6 1
14 14 8 4 2 2 6 1
14 14 10 4 2 2 6 1
14 16 8 4 2 2 6 1
14 16 10 4 2 2 6 1
14 18 8 4 2 2 6 1
14 18 10 4 2 2 6 1
16 0 18 4 2 2 6 1
16 2 18 4 2 2 6 1
16 4 18 4 2 2 6 1
16 6 14 4 2 2 6 1
16 6 16 4 2 2 6 1
16 6 18 4 2 2 6 1
16 11 13 4 2 2 6 1
16 11 15 4 2 2 6 1
16 12 18 4 2 2 6 1
16 13 14 4 2 2 6 1
16 13 16 4 2 2 6 1
16 14 0 4 2 2 6 1
16 14 2 4 2 2 6 1
16 14 4 4 2 2 6 1
16 14 6 4 2 2 6 1
16 14 12 4 2 2 6 1
16 14 18 4 2 2 6 1
16 16 0 4 2 2 6 1
16 16 2 4 2 2 6 1
16 16 4 4 2 2 6 1
16 16 6 4 2 2 6 1
16 16 12 4 2 2 6 1
16 16 18 4 2 2 6 1
16 18 0 4 2 2 6 1
16 18 2 4 2 2 6 1
16 18 4 4 2 2 6 1
16 18 6 4 2 2 6 1
16 18 12 4 2 2 6 1
16 18 14 4 2 2 6 1
16 18 16 4 2 2 6 1
16 18 18 4 2 2 6 1
8 8 0 3 8 7 7 1
17 0 0 3 8 7 7 1
17 0 7 3 8 7 7 1
11 9 17 5 9 3 8 1
0 6 16 2 3 4 10 1
2 7 16 2 3 4 10 1
4 17 8 2 3 4 10 1
4 17 12 2 3 4 10 1
4 17 16 2 3 4 10 1
6 17 8 2 3 4 10 1
6 17 12 2 3 4 10 1
8 17 8 2 3 4 10 1
8 17 12 2 3 4 10 1
10 8 13 2 3 4 10 1
10 11 13 2 3 4 10 1
10 14 8 2 3 4 10 1
10 17 8 2 3 4 10 1
12 9 13 2 3 4 10 1
12 14 0 2 3 4 10 1
12 14 8 2 3 4 10 1
12 17 0 2 3 4 10 1
12 17 8 2 3 4 10 1
13 2 4 2 3 4 10 1
13 5 4 2 3 4 10 1
14 6 14 2 3 4 10 1
14 8 9 2 3 4 10 1
14 9 13 2 3 4 10 1
14 11 9 2 3 4 10 1
14 14 0 2 3 4 10 1
14 14 12 2 3 4 10 1
14 17 0 2 3 4 10 1
14 17 12 2 3 4 10 1
15 2 4 2 3 4 10 1
15 5 4 2 3 4 10 1
16 8 9 2 3 4 10 1
16 8 13 2 3 4 10 1
16 11 9 2 3 4 10 1
16 15 14 2 3 4 10 1
18 0 14 2 3 4 10 1
18 3 14 2 3 4 10 1
18 8 9 2 3 4 10 1
18 8 13 2 3 4 10 1
18 11 9 2 3 4 10 1
18 14 8 2 3 4 10 1
18 15 14 2 3 4 10 1
18 17 8 2 3 4 10 1
