20 20 20
0 0 0 5 4 2 1 1
0 0 2 5 4 2 1 1
0 0 4 5 4 2 1 1
0 0 6 5 4 2 1 1
0 0 8 5 4 2 1 1
0 0 10 5 4 2 1 1
0 0 12 5 4 2 1 1
0 0 14 5 4 2 1 1
0 0 16 5 4 2 1 1
0 0 18 5 4 2 1 1
0 4 0 5 4 2 1 1
0 4 2 5 4 2 1 1
0 4 4 5 4 2 1 1
0 4 6 5 4 2 1 1
0 4 8 5 4 2 1 1
0 4 10 5 4 2 1 1
0 4 12 5 4 2 1 1
0 4 14 5 4 2 1 1
0 4 16 5 4 2 1 1
0 4 18 5 4 2 1 1
0 8 0 5 4 2 1 1
0 8 2 5 4 2 1 1
0 8 4 5 4 2 1 1
0 8 6 5 4 2 1 1
0 8 8 5 4 2 1 1
0 8 10 5 4 2 1 1
0 8 12 5 4 2 1 1
0 8 14 5 4 2 1 1
0 8 16 5 4 2 1 1
0 8 18 5 4 2 1 1
0 12 0 5 4 2 1 1
0 12 2 5 4 2 1 1
0 12 4 5 4 2 1 1
0 12 6 5 4 2 1 1
0 12 8 5 4 2 1 1
0 12 10 5 4 2 1 1
0 12 12 5 4 2 1 1
0 12 14 5 4 2 1 1
0 12 16 5 4 2 1 1
0 12 18 5 4 2 1 1
0 16 0 5 4 2 1 1
0 16 2 5 4 2 1 1
0 16 4 5 4 2 1 1
0 16 6 5 4 2 1 1
0 16 8 5 4 2 1 1
0 16 10 5 4 2 1 1
0 16 12 5 4 2 1 1
0 16 14 5 4 2 1 1
0 16 16 5 4 2 1 1
0 16 18 5 4 2 1 1
5 0 0 5 4 2 1 1
5 0 2 5 4 2 1 1
5 0 4 5 4 2 1 1
5 0 6 5 4 2 1 1
5 0 8 5 4 2 1 1
5 0 10 5 4 2 1 1
5 0 12 5 4 2 1 1
5 0 14 5 4 2 1 1
5 0 16 5 4 2 1 1
5 0 18 5 4 2 1 1
5 4 0 5 4 2 1 1
5 4 2 5 4 2 1 1
5 4 4 5 4 2 1 1
5 4 6 5 4 2 1 1
5 4 8 5 4 2 1 1
5 4 10 5 4 2 1 1
5 4 12 5 4 2 1 1
5 4 14 5 4 2 1 1
5 4 16 5 4 2 1 1
5 4 18 5 4 2 1 1
5 8 0 5 4 2 1 1
5 8 2 5 4 2 1 1
5 8 4 5 4 2 1 1
5 8 6 5 4 2 1 1
5 8 8 5 4 2 1 1
5 8 10 5 4 2 1 1
5 8 12 5 4 2 1 1
5 8 14 5 4 2 1 1
5 8 16 5 4 2 1 1
5 8 18 5 4 2 1 1
5 12 0 5 4 2 1 1
5 12 2 5 4 2 1 1
5 12 4 5 4 2 1 1
5 12 6 5 4 2 1 1
5 12 8 5 4 2 1 1
5 12 10 5 4 2 1 1
5 12 12 5 4 2 1 1
5 12 14 5 4 2 1 1
5 12 16 5 4 2 1 1
5 12 18 5 4 2 1 1
5 16 0 5 4 2 1 1
5 16 2 5 4 2 1 1
5 16 4 5 4 2 1 1
5 16 6 5 4 2 1 1
5 16 8 5 4 2 1 1
5 16 10 5 4 2 1 1
5 16 12 5 4 2 1 1
5 16 14 5 4 2 1 1
5 16 16 5 4 2 1 1
5 16 18 5 4 2 1 1
10 0 0 5 4 2 1 1
10 0 2 5 4 2 1 1
10 0 4 5 4 2 1 1
10 0 6 5 4 2 1 1
10 0 8 5 4 2 1 1
10 0 10 5 4 2 1 1
10 0 12 5 4 2 1 1
10 0 14 5 4 2 1 1
10 0 16 5 4 2 1 1
10 0 18 5 4 2 1 1
10 4 0 5 4 2 1 1
10 4 2 5 4 2 1 1
10 4 4 5 4 2 1 1
10 4 6 5 4 2 1 1
10 4 8 5 4 2 1 1
10 4 10 5 4 2 1 1
10 4 12 5 4 2 1 1
10 4 14 5 4 2 1 1
10 4 16 5 4 2 1 1
10 4 18 5 4 2 1 1
10 8 0 5 4 2 1 1
10 8 2 5 4 2 1 1
10 8 4 5 4 2 1 1
10 8 6 5 4 2 1 1
10 8 8 5 4 2 1 1
10 8 10 5 4 2 1 1
10 8 12 5 4 2 1 1
10 8 14 5 4 2 1 1
10 8 16 5 4 2 1 1
10 8 18 5 4 2 1 1
10 12 0 5 4 2 1 1
10 12 2 5 4 2 1 1
10 12 4 5 4 2 1 1
10 12 6 5 4 2 1 1
10 12 8 5 4 2 1 1
10 12 10 4 3 4 2 1
10 12 14 4 3 4 2 1
10 15 10 4 3 4 2 1
10 15 14 4 3 4 2 1
10 16 0 4 3 4 2 1
10 16 4 4 3 4 2 1
14 12 10 4 3 4 2 1
14 12 14 4 3 4 2 1
14 15 10 4 3 4 2 1
14 15 14 4 3 4 2 1
14 16 0 4 3 4 2 1
14 16 4 4 3 4 2 1
15 0 0 4 3 4 2 1
15 0 4 4 3 4 2 1
15 0 8 4 3 4 2 1
15 0 12 4 3 4 2 1
15 0 16 4 3 4 2 1
15 3 0 4 3 4 2 1
15 3 4 4 3 4 2 1
15 3 8 4 3 4 2 1
15 3 12 4 3 4 2 1
15 3 16 4 3 4 2 1
15 6 0 4 3 4 2 1
15 6 4 4 3 4 2 1
15 6 8 4 3 4 2 1
15 6 12 4 3 4 2 1
15 6 16 4 3 4 2 1
15 9 0 4 3 4 2 1
15 9 4 4 3 4 2 1
15 9 8 4 3 4 2 1
15 9 12 4 3 4 2 1
15 9 16 4 3 4 2 1
15 12 0 4 3 4 2 1
15 12 4 4 3 4 2 1
10 12 18 2 4 2 5 1
10 16 8 2 4 2 5 1
10 16 18 2 4 2 5 1
12 12 18 2 4 2 5 1
12 16 8 2 4 2 5 1
12 16 18 2 4 2 5 1
14 12 18 2 4 2 5 1
14 16 8 2 4 2 5 1
14 16 18 2 4 2 5 1
15 12 8 2 4 2 5 1
16 12 18 2 4 2 5 1
16 16 8 2 4 2 5 1
16 16 18 2 4 2 5 1
17 12 8 2 4 2 5 1
18 12 10 2 4 2 5 1
18 12 12 2 4 2 5 1
18 12 14 2 4 2 5 1
18 12 16 2 4 2 5 1
18 12 18 2 4 2 5 1
18 15 0 2 4 2 5 1
18 15 2 2 4 2 5 1
18 15 4 2 4 2 5 1
18 15 6 2 4 2 5 1
18 16 8 2 4 2 5 1
18 16 10 2 4 2 5 1
18 16 12 2 4 2 5 1
18 16 14 2 4 2 5 1
18 16 16 2 4 2 5 1
18 16 18 2 4 2 5 1
10 18 10 6 2 6 9 1
