20 20 20
0 0 4 2 3 8 1 1
0 8 8 2 3 8 1 1
0 11 8 2 3 8 1 1
0 14 8 2 3 8 1 1
0 17 8 2 3 8 1 1
2 0 4 2 3 8 1 1
8 4 8 2 3 8 1 1
8 7 8 2 3 8 1 1
8 10 8 2 3 8 1 1
8 13 8 2 3 8 1 1
10 0 0 2 3 8 1 1
10 0 8 2 3 8 1 1
10 3 0 2 3 8 1 1
10 3 8 2 3 8 1 1
10 6 0 2 3 8 1 1
10 6 8 2 3 8 1 1
10 9 0 2 3 8 1 1
10 9 8 2 3 8 1 1
11 17 0 2 3 8 1 1
11 17 8 2 3 8 1 1
14 0 12 2 3 8 1 1
14 7 0 2 3 8 1 1
14 7 8 2 3 8 1 1
14 10 0 2 3 8 1 1
14 10 8 2 3 8 1 1
16 0 12 2 3 8 1 1
16 3 12 2 3 8 1 1
16 7 0 2 3 8 1 1
16 7 8 2 3 8 1 1
16 10 0 2 3 8 1 1
16 10 8 2 3 8 1 1
18 0 12 2 3 8 1 1
18 3 12 2 3 8 1 1
18 14 4 2 3 8 1 1
18 17 4 2 3 8 1 1
8 4 16 7 7 4 2 1
13 13 12 7 7 4 2 1
0 3 4 4 5 4 4 1
0 3 8 4 5 4 4 1
12 5 0 2 7 3 5 1
12 5 3 2 7 3 5 1
12 5 6 2 7 3 5 1
12 5 9 2 7 3 5 1
18 6 12 2 7 3 5 1
18 7 0 2 7 3 5 1
18 7 3 2 7 3 5 1
18 7 6 2 7 3 5 1
18 7 9 2 7 3 5 1
10 12 0 3 5 6 7 1
10 12 6 3 5 6 7 1
12 0 0 3 5 6 7 1
12 0 6 3 5 6 7 1
0 8 4 6 4 2 8 1
0 8 6 6 4 2 8 1
2 4 16 6 4 2 8 1
2 4 18 6 4 2 8 1
2 8 12 6 4 2 8 1
2 8 18 6 4 2 8 1
2 16 4 6 4 2 8 1
2 16 6 6 4 2 8 1
2 16 8 6 4 2 8 1
2 16 10 6 4 2 8 1
2 16 16 6 4 2 8 1
2 16 18 6 4 2 8 1
4 0 0 6 4 2 8 1
4 0 2 6 4 2 8 1
4 0 8 6 4 2 8 1
4 0 14 6 4 2 8 1
4 4 0 6 4 2 8 1
4 4 6 6 4 2 8 1
4 12 0 6 4 2 8 1
4 12 2 6 4 2 8 1
6 0 16 6 4 2 8 1
6 0 18 6 4 2 8 1
8 13 16 5 7 4 9 1
13 13 0 5 7 4 9 1
13 13 4 5 7 4 9 1
13 13 8 5 7 4 9 1
15 0 0 5 7 4 9 1
15 0 4 5 7 4 9 1
15 0 8 5 7 4 9 1
15 6 16 5 7 4 9 1
15 13 16 5 7 4 9 1
0 0 0 2 4 4 10 1
0 0 12 2 4 4 10 1
0 0 16 2 4 4 10 1
0 4 0 2 4 4 10 1
0 4 12 2 4 4 10 1
0 4 16 2 4 4 10 1
0 8 0 2 4 4 10 1
0 8 16 2 4 4 10 1
0 12 0 2 4 4 10 1
0 12 4 2 4 4 10 1
0 12 16 2 4 4 10 1
0 16 0 2 4 4 10 1
0 16 4 2 4 4 10 1
0 16 16 2 4 4 10 1
2 0 0 2 4 4 10 1
2 0 12 2 4 4 10 1
2 0 16 2 4 4 10 1
2 4 0 2 4 4 10 1
2 4 12 2 4 4 10 1
2 8 0 2 4 4 10 1
2 8 8 2 4 4 10 1
2 8 14 2 4 4 10 1
2 12 0 2 4 4 10 1
2 12 4 2 4 4 10 1
2 12 8 2 4 4 10 1
2 12 12 2 4 4 10 1
2 12 16 2 4 4 10 1
2 16 0 2 4 4 10 1
2 16 12 2 4 4 10 1
4 0 4 2 4 4 10 1
4 0 10 2 4 4 10 1
4 0 16 2 4 4 10 1
4 4 2 2 4 4 10 1
4 4 8 2 4 4 10 1
4 4 12 2 4 4 10 1
4 8 0 2 4 4 10 1
4 8 8 2 4 4 10 1
4 8 14 2 4 4 10 1
4 12 4 2 4 4 10 1
4 12 8 2 4 4 10 1
4 12 12 2 4 4 10 1
4 12 16 2 4 4 10 1
4 16 0 2 4 4 10 1
4 16 12 2 4 4 10 1
6 0 4 2 4 4 10 1
6 0 10 2 4 4 10 1
6 4 2 2 4 4 10 1
6 4 8 2 4 4 10 1
6 4 12 2 4 4 10 1
6 8 0 2 4 4 10 1
6 8 4 2 4 4 10 1
6 8 8 2 4 4 10 1
6 8 14 2 4 4 10 1
6 12 4 2 4 4 10 1
6 12 8 2 4 4 10 1
6 12 12 2 4 4 10 1
6 12 16 2 4 4 10 1
6 16 0 2 4 4 10 1
6 16 12 2 4 4 10 1
8 0 4 2 4 4 10 1
8 0 10 2 4 4 10 1
8 4 2 2 4 4 10 1
8 8 0 2 4 4 10 1
8 8 4 2 4 4 10 1
8 12 4 2 4 4 10 1
8 16 0 2 4 4 10 1
8 16 4 2 4 4 10 1
8 16 8 2 4 4 10 1
8 16 12 2 4 4 10 1
10 12 12 2 4 4 10 1
12 0 12 2 4 4 10 1
12 0 16 2 4 4 10 1
12 4 12 2 4 4 10 1
12 8 12 2 4 4 10 1
13 11 16 2 4 4 10 1
13 16 16 2 4 4 10 1
14 3 12 2 4 4 10 1
18 16 0 2 4 4 10 1
