20 20 20
0 0 0 2 5 4 1 1
0 0 4 2 5 4 1 1
0 0 8 2 5 4 1 1
0 0 12 2 5 4 1 1
0 0 16 2 5 4 1 1
0 5 0 2 5 4 1 1
0 5 4 2 5 4 1 1
0 5 8 2 5 4 1 1
0 5 12 2 5 4 1 1
0 5 16 2 5 4 1 1
0 10 0 2 5 4 1 1
0 10 4 2 5 4 1 1
0 10 8 2 5 4 1 1
0 10 12 2 5 4 1 1
0 10 16 2 5 4 1 1
0 15 0 2 5 4 1 1
0 15 4 2 5 4 1 1
0 15 8 2 5 4 1 1
0 15 12 2 5 4 1 1
0 15 16 2 5 4 1 1
2 0 0 2 5 4 1 1
2 0 4 2 5 4 1 1
2 0 8 2 5 4 1 1
2 0 12 2 5 4 1 1
2 0 16 2 5 4 1 1
2 5 0 2 5 4 1 1
2 5 4 2 5 4 1 1
2 5 8 2 5 4 1 1
2 5 12 2 5 4 1 1
2 5 16 2 5 4 1 1
2 10 0 2 5 4 1 1
2 10 4 2 5 4 1 1
2 10 8 2 5 4 1 1
2 10 12 2 5 4 1 1
2 10 16 2 5 4 1 1
2 15 0 2 5 4 1 1
2 15 4 2 5 4 1 1
2 15 8 2 5 4 1 1
2 15 12 2 5 4 1 1
2 15 16 2 5 4 1 1
4 0 0 2 5 4 1 1
4 0 4 2 5 4 1 1
4 0 8 2 5 4 1 1
4 0 12 2 5 4 1 1
4 0 16 2 5 4 1 1
4 5 0 2 5 4 1 1
4 5 4 2 5 4 1 1
4 5 8 2 5 4 1 1
4 5 12 2 5 4 1 1
4 5 16 2 5 4 1 1
4 10 0 2 5 4 1 1
4 10 4 2 5 4 1 1
4 10 8 2 5 4 1 1
4 10 12 5 5 2 2 1
4 10 14 5 5 2 2 1
4 10 16 5 5 2 2 1
4 10 18 5 5 2 2 1
4 15 0 5 5 2 2 1
4 15 2 5 5 2 2 1
4 15 4 5 5 2 2 1
4 15 6 5 5 2 2 1
4 15 8 5 5 2 2 1
4 15 10 5 5 2 2 1
4 15 12 5 5 2 2 1
4 15 14 5 5 2 2 1
4 15 16 5 5 2 2 1
4 15 18 5 5 2 2 1
6 0 0 5 5 2 2 1
6 0 2 5 5 2 2 1
6 0 4 5 5 2 2 1
6 0 6 5 5 2 2 1
6 0 8 5 5 2 2 1
6 0 10 5 5 2 2 1
6 0 12 5 5 2 2 1
6 0 14 5 5 2 2 1
6 0 16 5 5 2 2 1
6 0 18 5 5 2 2 1
6 5 0 5 5 2 2 1
6 5 2 5 5 2 2 1
6 5 4 5 5 2 2 1
6 5 6 5 5 2 2 1
6 5 8 5 5 2 2 1
6 5 10 5 5 2 2 1
6 5 12 5 5 2 2 1
6 5 14 5 5 2 2 1
6 5 16 5 5 2 2 1
6 5 18 5 5 2 2 1
6 10 0 5 5 2 2 1
6 10 2 5 5 2 2 1
6 10 4 5 5 2 2 1
6 10 6 5 5 2 2 1
6 10 8 5 5 2 2 1
6 10 10 5 5 2 2 1
9 10 12 5 5 2 2 1
9 10 14 5 5 2 2 1
9 10 16 5 5 2 2 1
9 10 18 5 5 2 2 1
9 15 0 5 5 2 2 1
9 15 2 5 5 2 2 1
9 15 4 5 5 2 2 1
9 15 6 5 5 2 2 1
9 15 8 5 5 2 2 1
9 15 10 5 5 2 2 1
9 15 12 5 5 2 2 1
9 15 14 5 5 2 2 1
9 15 16 5 5 2 2 1
9 15 18 5 5 2 2 1
11 0 0 5 5 2 2 1
11 0 2 5 5 2 2 1
11 0 4 5 5 2 2 1
11 0 6 5 5 2 2 1
11 0 8 5 5 2 2 1
11 0 10 5 5 2 2 1
11 0 12 5 5 2 2 1
11 0 14 5 5 2 2 1
11 0 16 5 5 2 2 1
11 0 18 5 5 2 2 1
11 5 0 5 5 2 2 1
11 5 2 5 5 2 2 1
11 5 4 5 5 2 2 1
11 5 6 5 5 2 2 1
11 5 8 5 5 2 2 1
11 5 10 5 5 2 2 1
11 5 12 5 5 2 2 1
11 5 14 5 5 2 2 1
11 5 16 5 5 2 2 1
11 5 18 5 5 2 2 1
11 10 0 5 5 2 2 1
11 10 2 5 5 2 2 1
11 10 4 5 5 2 2 1
11 10 6 5 5 2 2 1
11 10 8 5 5 2 2 1
11 10 10 5 5 2 2 1
14 10 12 5 5 2 2 1
14 10 14 5 5 2 2 1
14 10 16 5 5 2 2 1
14 10 18 5 5 2 2 1
14 15 0 5 5 2 2 1
14 15 2 5 5 2 2 1
14 15 4 5 5 2 2 1
14 15 6 5 5 2 2 1
14 15 8 5 5 2 2 1
14 15 10 5 5 2 2 1
14 15 12 5 5 2 2 1
14 15 14 5 4 4 3 1
16 0 0 3 2 8 4 1
16 0 8 3 2 8 4 1
16 2 0 3 2 8 4 1
16 2 8 3 2 8 4 1
16 4 0 3 2 8 4 1
16 4 8 3 2 8 4 1
16 6 0 3 2 8 4 1
16 6 8 3 2 8 4 1
16 8 0 3 2 8 4 1
16 8 8 3 2 8 4 1
16 10 0 3 2 8 4 1
16 12 0 3 2 8 4 1
16 0 16 3 7 4 7 1
