20 20 20
0 2 9 3 9 9 2 1
0 6 0 3 9 9 2 1
3 0 0 3 9 9 2 1
3 0 9 3 9 9 2 1
3 9 0 3 9 9 2 1
3 9 9 3 9 9 2 1
6 0 0 3 9 9 2 1
6 0 9 3 9 9 2 1
9 0 0 3 9 9 2 1
9 0 9 3 9 9 2 1
12 0 0 3 9 9 2 1
12 0 9 3 9 9 2 1
12 9 0 3 9 9 2 1
12 9 9 3 9 9 2 1
15 0 0 3 9 9 2 1
15 0 9 3 9 9 2 1
15 9 0 3 9 9 2 1
15 9 9 3 9 9 2 1
0 0 10 2 2 2 6 1
0 0 12 2 2 2 6 1
0 0 14 2 2 2 6 1
0 0 16 2 2 2 6 1
0 0 18 2 2 2 6 1
0 2 18 2 2 2 6 1
0 4 18 2 2 2 6 1
0 6 18 2 2 2 6 1
0 8 18 2 2 2 6 1
0 10 18 2 2 2 6 1
0 11 9 2 2 2 6 1
0 12 18 2 2 2 6 1
0 13 9 2 2 2 6 1
0 14 18 2 2 2 6 1
0 15 0 2 2 2 6 1
0 15 2 2 2 2 6 1
0 16 11 2 2 2 6 1
0 16 14 2 2 2 6 1
0 16 16 2 2 2 6 1
0 16 18 2 2 2 6 1
0 18 0 2 2 2 6 1
0 18 2 2 2 2 6 1
0 18 11 2 2 2 6 1
0 18 13 2 2 2 6 1
2 0 18 2 2 2 6 1
2 2 18 2 2 2 6 1
2 4 18 2 2 2 6 1
2 6 18 2 2 2 6 1
2 8 18 2 2 2 6 1
2 10 18 2 2 2 6 1
2 12 18 2 2 2 6 1
2 14 18 2 2 2 6 1
2 16 18 2 2 2 6 1
2 18 0 2 2 2 6 1
2 18 2 2 2 2 6 1
2 18 11 2 2 2 6 1
2 18 13 2 2 2 6 1
3 18 5 2 2 2 6 1
3 18 7 2 2 2 6 1
3 18 9 2 2 2 6 1
4 0 18 2 2 2 6 1
4 2 18 2 2 2 6 1
4 4 18 2 2 2 6 1
4 6 18 2 2 2 6 1
4 8 18 2 2 2 6 1
4 10 18 2 2 2 6 1
4 12 18 2 2 2 6 1
4 14 18 2 2 2 6 1
4 16 18 2 2 2 6 1
4 18 11 2 2 2 6 1
4 18 13 2 2 2 6 1
6 0 18 2 2 2 6 1
6 2 18 2 2 2 6 1
6 4 18 2 2 2 6 1
6 6 18 2 2 2 6 1
6 8 18 2 2 2 6 1
6 10 18 2 2 2 6 1
6 12 0 2 2 2 6 1
6 12 2 2 2 2 6 1
6 12 4 2 2 2 6 1
6 12 6 2 2 2 6 1
6 12 8 2 2 2 6 1
6 12 18 2 2 2 6 1
6 14 0 2 2 2 6 1
6 14 2 2 2 2 6 1
6 14 4 2 2 2 6 1
6 14 6 2 2 2 6 1
6 14 8 2 2 2 6 1
6 14 18 2 2 2 6 1
6 16 0 2 2 2 6 1
6 16 2 2 2 2 6 1
6 16 4 2 2 2 6 1
6 16 6 2 2 2 6 1
6 16 8 2 2 2 6 1
6 16 18 2 2 2 6 1
6 18 10 2 2 2 6 1
6 18 12 2 2 2 6 1
7 18 14 2 2 2 6 1
7 18 16 2 2 2 6 1
7 18 18 2 2 2 6 1
8 0 18 2 2 2 6 1
8 2 18 2 2 2 6 1
8 4 18 2 2 2 6 1
8 6 18 2 2 2 6 1
8 8 18 2 2 2 6 1
8 10 18 2 2 2 6 1
8 12 6 2 2 2 6 1
8 12 8 2 2 2 6 1
8 12 16 2 2 2 6 1
8 12 18 2 2 2 6 1
8 14 6 2 2 2 6 1
8 14 8 2 2 2 6 1
8 14 16 2 2 2 6 1
8 14 18 2 2 2 6 1
8 16 6 2 2 2 6 1
8 16 8 2 2 2 6 1
8 16 16 2 2 2 6 1
8 16 18 2 2 2 6 1
8 18 10 2 2 2 6 1
8 18 12 2 2 2 6 1
9 18 14 2 2 2 6 1
9 18 16 2 2 2 6 1
9 18 18 2 2 2 6 1
10 0 18 2 2 2 6 1
10 2 18 2 2 2 6 1
10 4 18 2 2 2 6 1
10 6 18 2 2 2 6 1
10 8 18 2 2 2 6 1
10 10 18 2 2 2 6 1
10 12 0 2 2 2 6 1
10 12 2 2 2 2 6 1
10 12 16 2 2 2 6 1
10 12 18 2 2 2 6 1
10 14 0 2 2 2 6 1
10 14 2 2 2 2 6 1
10 14 16 2 2 2 6 1
10 14 18 2 2 2 6 1
10 16 0 2 2 2 6 1
10 16 2 2 2 2 6 1
10 16 16 2 2 2 6 1
10 16 18 2 2 2 6 1
10 18 10 2 2 2 6 1
10 18 12 2 2 2 6 1
12 0 18 2 2 2 6 1
12 2 18 2 2 2 6 1
12 4 18 2 2 2 6 1
12 6 18 2 2 2 6 1
12 8 18 2 2 2 6 1
12 10 18 2 2 2 6 1
12 12 18 2 2 2 6 1
12 14 18 2 2 2 6 1
12 16 18 2 2 2 6 1
12 18 5 2 2 2 6 1
12 18 7 2 2 2 6 1
12 18 9 2 2 2 6 1
12 18 11 2 2 2 6 1
12 18 13 2 2 2 6 1
14 0 18 2 2 2 6 1
14 2 18 2 2 2 6 1
14 4 18 2 2 2 6 1
14 6 18 2 2 2 6 1
14 8 18 2 2 2 6 1
14 10 18 2 2 2 6 1
14 12 18 2 2 2 6 1
14 14 18 2 2 2 6 1
14 16 18 2 2 2 6 1
14 18 5 2 2 2 6 1
14 18 7 2 2 2 6 1
14 18 9 2 2 2 6 1
14 18 11 2 2 2 6 1
14 18 13 2 2 2 6 1
16 0 18 2 2 2 6 1
16 2 18 2 2 2 6 1
16 4 18 2 2 2 6 1
16 6 18 2 2 2 6 1
16 8 18 2 2 2 6 1
16 10 18 2 2 2 6 1
16 12 18 2 2 2 6 1
16 14 18 2 2 2 6 1
16 16 18 2 2 2 6 1
16 18 5 2 2 2 6 1
16 18 7 2 2 2 6 1
16 18 9 2 2 2 6 1
16 18 11 2 2 2 6 1
16 18 13 2 2 2 6 1
18 0 0 2 2 2 6 1
18 0 2 2 2 2 6 1
18 0 4 2 2 2 6 1
18 0 6 2 2 2 6 1
18 0 8 2 2 2 6 1
18 0 10 2 2 2 6 1
18 0 12 2 2 2 6 1
18 0 14 2 2 2 6 1
18 0 16 2 2 2 6 1
18 0 18 2 2 2 6 1
18 2 0 2 2 2 6 1
18 2 2 2 2 2 6 1
18 2 4 2 2 2 6 1
18 2 6 2 2 2 6 1
18 2 8 2 2 2 6 1
18 2 10 2 2 2 6 1
18 2 12 2 2 2 6 1
18 2 14 2 2 2 6 1
18 2 16 2 2 2 6 1
18 2 18 2 2 2 6 1
18 4 0 2 2 2 6 1
18 4 2 2 2 2 6 1
18 4 12 2 2 2 6 1
18 4 14 2 2 2 6 1
18 4 16 2 2 2 6 1
18 4 18 2 2 2 6 1
18 6 0 2 2 2 6 1
18 6 2 2 2 2 6 1
18 6 12 2 2 2 6 1
18 6 14 2 2 2 6 1
18 6 16 2 2 2 6 1
18 6 18 2 2 2 6 1
18 8 0 2 2 2 6 1
18 8 2 2 2 2 6 1
18 10 0 2 2 2 6 1
18 10 2 2 2 2 6 1
18 11 18 2 2 2 6 1
18 12 0 2 2 2 6 1
18 12 2 2 2 2 6 1
18 13 18 2 2 2 6 1
18 14 0 2 2 2 6 1
18 14 2 2 2 2 6 1
18 15 18 2 2 2 6 1
18 16 0 2 2 2 6 1
18 16 2 2 2 2 6 1
18 16 4 2 2 2 6 1
18 16 6 2 2 2 6 1
18 16 8 2 2 2 6 1
18 16 10 2 2 2 6 1
18 18 0 2 2 2 6 1
18 18 2 2 2 2 6 1
18 18 4 2 2 2 6 1
18 18 6 2 2 2 6 1
18 18 8 2 2 2 6 1
18 18 10 2 2 2 6 1
0 0 0 3 5 7 7 1
0 11 11 3 5 7 7 1
0 15 4 3 5 7 7 1
0 0 7 3 6 2 14 1
8 12 0 2 6 6 1 1
8 12 10 2 6 6 1 1
10 12 4 2 6 6 1 1
10 12 10 2 6 6 1 1
18 11 12 2 6 6 1 1
0 18 15 7 2 5 15 1
4 18 0 7 2 5 15 1
5 18 5 7 2 5 15 1
11 18 0 7 2 5 15 1
11 18 15 7 2 5 15 1
6 9 0 2 3 8 16 1
6 12 10 2 3 8 16 1
6 15 10 2 3 8 16 1
8 9 0 2 3 8 16 1
10 9 0 2 3 8 16 1
18 4 4 2 3 8 16 1
18 7 4 2 3 8 16 1
18 8 12 2 3 8 16 1
18 10 4 2 3 8 16 1
18 13 4 2 3 8 16 1
18 17 12 2 3 8 16 1
6 9 8 6 3 5 17 1
6 9 13 6 3 5 17 1
