20 20 20
0 0 10 3 4 2 1 1
0 0 12 3 4 2 1 1
0 2 8 3 4 2 1 1
0 4 4 3 4 2 1 1
0 4 10 3 4 2 1 1
0 4 12 3 4 2 1 1
0 8 4 3 4 2 1 1
0 8 6 3 4 2 1 1
0 8 8 3 4 2 1 1
0 8 10 3 4 2 1 1
0 8 18 3 4 2 1 1
0 10 0 3 4 2 1 1
0 12 8 3 4 2 1 1
0 12 10 3 4 2 1 1
0 12 14 3 4 2 1 1
0 12 16 3 4 2 1 1
0 16 6 3 4 2 1 1
0 16 14 3 4 2 1 1
0 16 16 3 4 2 1 1
3 0 4 3 4 2 1 1
3 0 18 3 4 2 1 1
3 2 2 3 4 2 1 1
3 2 8 3 4 2 1 1
3 4 10 3 4 2 1 1
3 4 12 3 4 2 1 1
3 4 14 3 4 2 1 1
3 4 16 3 4 2 1 1
3 6 2 3 4 2 1 1
3 8 6 3 4 2 1 1
3 8 8 3 4 2 1 1
3 8 14 3 4 2 1 1
3 8 16 3 4 2 1 1
3 8 18 3 4 2 1 1
3 10 0 3 4 2 1 1
3 12 8 3 4 2 1 1
3 12 14 3 4 2 1 1
3 12 16 3 4 2 1 1
3 16 14 3 4 2 1 1
3 16 16 3 4 2 1 1
5 16 6 3 4 2 1 1
6 4 2 3 4 2 1 1
6 4 9 3 4 2 1 1
6 4 11 3 4 2 1 1
6 8 2 3 4 2 1 1
6 8 6 3 4 2 1 1
6 8 8 3 4 2 1 1
6 8 18 3 4 2 1 1
6 10 0 3 4 2 1 1
6 12 12 3 4 2 1 1
7 6 0 3 4 2 1 1
8 0 18 3 4 2 1 1
9 0 2 3 4 2 1 1
9 0 4 3 4 2 1 1
9 0 6 3 4 2 1 1
9 2 0 3 4 2 1 1
9 4 2 3 4 2 1 1
9 4 6 3 4 2 1 1
9 4 14 3 4 2 1 1
9 4 18 3 4 2 1 1
9 8 2 3 4 2 1 1
9 8 4 3 4 2 1 1
9 8 6 3 4 2 1 1
9 8 8 3 4 2 1 1
9 8 10 3 4 2 1 1
9 8 12 3 4 2 1 1
9 10 0 3 4 2 1 1
9 12 10 3 4 2 1 1
9 12 12 3 4 2 1 1
9 12 14 3 4 2 1 1
9 12 16 3 4 2 1 1
12 0 10 3 4 2 1 1
12 0 12 3 4 2 1 1
12 0 14 3 4 2 1 1
12 2 0 3 4 2 1 1
12 2 2 3 4 2 1 1
12 4 6 3 4 2 1 1
12 4 8 3 4 2 1 1
12 4 10 3 4 2 1 1
12 4 12 3 4 2 1 1
12 4 14 3 4 2 1 1
12 4 16 3 4 2 1 1
12 8 4 3 4 2 1 1
12 8 6 3 4 2 1 1
12 8 8 3 4 2 1 1
12 8 10 3 4 2 1 1
12 8 12 3 4 2 1 1
12 10 18 3 4 2 1 1
12 12 0 3 4 2 1 1
12 12 2 3 4 2 1 1
12 12 4 3 4 2 1 1
12 12 9 3 4 2 1 1
15 8 18 3 4 2 1 1
15 12 18 3 4 2 1 1
17 0 18 3 4 2 1 1
15 0 0 5 8 3 2 1
15 0 3 5 8 3 2 1
15 0 6 5 8 3 2 1
15 0 9 5 8 3 2 1
15 0 12 5 8 3 2 1
15 0 15 5 8 3 2 1
15 8 0 5 8 3 2 1
15 8 3 5 8 3 2 1
15 8 6 5 8 3 2 1
15 8 9 5 8 3 2 1
15 8 12 5 8 3 2 1
15 8 15 5 8 3 2 1
0 0 14 3 3 6 3 1
0 3 14 3 3 6 3 1
0 12 2 9 4 6 5 1
3 0 10 9 4 6 5 1
0 0 0 2 2 2 6 1
0 0 2 2 2 2 6 1
0 2 0 2 2 2 6 1
0 4 6 2 2 2 6 1
0 6 6 2 2 2 6 1
0 6 8 2 2 2 6 1
0 10 2 2 2 2 6 1
0 12 12 2 2 2 6 1
0 12 18 2 2 2 6 1
0 14 0 2 2 2 6 1
0 14 12 2 2 2 6 1
0 14 18 2 2 2 6 1
0 16 18 2 2 2 6 1
0 18 18 2 2 2 6 1
2 0 0 2 2 2 6 1
2 0 2 2 2 2 6 1
2 2 0 2 2 2 6 1
2 4 6 2 2 2 6 1
2 6 6 2 2 2 6 1
2 6 8 2 2 2 6 1
2 10 2 2 2 2 6 1
2 12 12 2 2 2 6 1
2 12 18 2 2 2 6 1
2 14 0 2 2 2 6 1
2 14 12 2 2 2 6 1
2 14 18 2 2 2 6 1
2 16 18 2 2 2 6 1
2 18 18 2 2 2 6 1
3 0 6 2 2 2 6 1
3 0 8 2 2 2 6 1
3 0 16 2 2 2 6 1
3 2 6 2 2 2 6 1
3 2 16 2 2 2 6 1
3 4 0 2 2 2 6 1
3 4 4 2 2 2 6 1
3 4 18 2 2 2 6 1
3 6 0 2 2 2 6 1
3 6 4 2 2 2 6 1
3 6 18 2 2 2 6 1
3 8 0 2 2 2 6 1
3 8 4 2 2 2 6 1
3 8 10 2 2 2 6 1
3 8 12 2 2 2 6 1
3 10 4 2 2 2 6 1
3 10 10 2 2 2 6 1
3 10 12 2 2 2 6 1
3 12 10 2 2 2 6 1
3 14 10 2 2 2 6 1
3 16 0 2 2 2 6 1
3 16 2 2 2 2 6 1
3 16 4 2 2 2 6 1
3 16 6 2 2 2 6 1
3 18 0 2 2 2 6 1
3 18 2 2 2 2 6 1
3 18 4 2 2 2 6 1
3 18 6 2 2 2 6 1
3 18 8 2 2 2 6 1
3 18 10 2 2 2 6 1
3 18 12 2 2 2 6 1
4 0 0 2 2 2 6 1
4 0 2 2 2 2 6 1
4 2 0 2 2 2 6 1
4 4 6 2 2 2 6 1
4 6 6 2 2 2 6 1
4 6 8 2 2 2 6 1
4 10 2 2 2 2 6 1
4 12 12 2 2 2 6 1
4 12 18 2 2 2 6 1
4 14 0 2 2 2 6 1
4 14 12 2 2 2 6 1
4 14 18 2 2 2 6 1
4 16 18 2 2 2 6 1
4 18 18 2 2 2 6 1
5 0 6 2 2 2 6 1
5 0 8 2 2 2 6 1
5 0 16 2 2 2 6 1
5 2 6 2 2 2 6 1
5 2 16 2 2 2 6 1
5 4 0 2 2 2 6 1
5 4 4 2 2 2 6 1
5 4 18 2 2 2 6 1
5 6 0 2 2 2 6 1
5 6 4 2 2 2 6 1
5 6 18 2 2 2 6 1
5 8 0 2 2 2 6 1
5 8 4 2 2 2 6 1
5 8 10 2 2 2 6 1
5 8 12 2 2 2 6 1
5 10 4 2 2 2 6 1
5 10 10 2 2 2 6 1
5 10 12 2 2 2 6 1
5 12 10 2 2 2 6 1
5 14 10 2 2 2 6 1
5 18 8 2 2 2 6 1
5 18 10 2 2 2 6 1
5 18 12 2 2 2 6 1
6 0 18 2 2 2 6 1
6 2 8 2 2 2 6 1
6 2 18 2 2 2 6 1
6 4 16 2 2 2 6 1
6 6 16 2 2 2 6 1
6 8 14 2 2 2 6 1
6 8 16 2 2 2 6 1
6 12 8 2 2 2 6 1
6 12 18 2 2 2 6 1
6 14 0 2 2 2 6 1
6 14 8 2 2 2 6 1
6 14 18 2 2 2 6 1
6 16 8 2 2 2 6 1
6 16 10 2 2 2 6 1
6 16 12 2 2 2 6 1
7 0 6 2 2 2 6 1
7 0 8 2 2 2 6 1
7 0 16 2 2 2 6 1
7 2 6 2 2 2 6 1
7 2 16 2 2 2 6 1
7 4 0 2 2 2 6 1
7 4 4 2 2 2 6 1
7 4 18 2 2 2 6 1
7 6 4 2 2 2 6 1
7 6 18 2 2 2 6 1
7 8 4 2 2 2 6 1
7 8 10 2 2 2 6 1
7 8 12 2 2 2 6 1
7 10 4 2 2 2 6 1
7 10 10 2 2 2 6 1
7 10 12 2 2 2 6 1
7 12 10 2 2 2 6 1
7 14 10 2 2 2 6 1
7 18 8 2 2 2 6 1
7 18 10 2 2 2 6 1
7 18 12 2 2 2 6 1
8 2 8 2 2 2 6 1
8 4 16 2 2 2 6 1
8 6 16 2 2 2 6 1
8 8 14 2 2 2 6 1
8 8 16 2 2 2 6 1
8 12 8 2 2 2 6 1
8 12 18 2 2 2 6 1
8 14 0 2 2 2 6 1
8 14 8 2 2 2 6 1
8 14 18 2 2 2 6 1
8 16 0 2 2 2 6 1
8 16 2 2 2 2 6 1
8 16 4 2 2 2 6 1
8 16 6 2 2 2 6 1
8 16 8 2 2 2 6 1
8 16 10 2 2 2 6 1
8 16 12 2 2 2 6 1
8 18 3 2 2 2 6 1
9 0 0 2 2 2 6 1
9 0 8 2 2 2 6 1
9 0 16 2 2 2 6 1
9 2 16 2 2 2 6 1
9 4 4 2 2 2 6 1
9 6 4 2 2 2 6 1
9 8 18 2 2 2 6 1
10 2 8 2 2 2 6 1
10 4 16 2 2 2 6 1
10 6 0 2 2 2 6 1
10 6 16 2 2 2 6 1
10 8 0 2 2 2 6 1
10 8 14 2 2 2 6 1
10 8 16 2 2 2 6 1
10 12 8 2 2 2 6 1
10 12 18 2 2 2 6 1
10 14 0 2 2 2 6 1
10 14 8 2 2 2 6 1
10 14 18 2 2 2 6 1
10 16 0 2 2 2 6 1
10 16 2 2 2 2 6 1
10 16 4 2 2 2 6 1
10 16 6 2 2 2 6 1
10 16 8 2 2 2 6 1
10 16 10 2 2 2 6 1
10 16 12 2 2 2 6 1
10 18 3 2 2 2 6 1
11 0 0 2 2 2 6 1
11 0 8 2 2 2 6 1
11 0 16 2 2 2 6 1
11 0 18 2 2 2 6 1
11 2 16 2 2 2 6 1
11 2 18 2 2 2 6 1
11 4 4 2 2 2 6 1
11 6 4 2 2 2 6 1
11 8 18 2 2 2 6 1
12 4 18 2 2 2 6 1
12 6 18 2 2 2 6 1
12 16 3 2 2 2 6 1
12 18 3 2 2 2 6 1
13 0 0 2 2 2 6 1
13 0 8 2 2 2 6 1
13 0 16 2 2 2 6 1
13 0 18 2 2 2 6 1
13 2 16 2 2 2 6 1
13 2 18 2 2 2 6 1
13 4 4 2 2 2 6 1
13 6 4 2 2 2 6 1
13 8 18 2 2 2 6 1
14 4 18 2 2 2 6 1
14 6 18 2 2 2 6 1
14 16 3 2 2 2 6 1
14 18 0 2 2 2 6 1
15 0 18 2 2 2 6 1
15 2 18 2 2 2 6 1
16 4 18 2 2 2 6 1
16 6 18 2 2 2 6 1
16 16 3 2 2 2 6 1
16 18 0 2 2 2 6 1
18 4 18 2 2 2 6 1
18 6 18 2 2 2 6 1
18 8 18 2 2 2 6 1
18 10 18 2 2 2 6 1
18 12 18 2 2 2 6 1
18 14 18 2 2 2 6 1
18 16 0 2 2 2 6 1
18 16 2 2 2 2 6 1
18 16 4 2 2 2 6 1
18 16 6 2 2 2 6 1
18 16 8 2 2 2 6 1
18 16 10 2 2 2 6 1
18 16 12 2 2 2 6 1
18 16 14 2 2 2 6 1
18 16 16 2 2 2 6 1
18 16 18 2 2 2 6 1
18 18 0 2 2 2 6 1
18 18 8 2 2 2 6 1
18 18 10 2 2 2 6 1
18 18 12 2 2 2 6 1
18 18 14 2 2 2 6 1
18 18 16 2 2 2 6 1
18 18 18 2 2 2 6 1
0 0 4 3 2 3 8 1
0 0 7 3 2 3 8 1
0 2 2 3 2 3 8 1
0 2 5 3 2 3 8 1
0 6 14 3 2 3 8 1
0 6 17 3 2 3 8 1
0 8 12 3 2 3 8 1
0 8 15 3 2 3 8 1
0 10 12 3 2 3 8 1
0 10 15 3 2 3 8 1
0 16 0 3 2 3 8 1
0 16 3 3 2 3 8 1
0 16 8 3 2 3 8 1
0 16 11 3 2 3 8 1
0 18 0 3 2 3 8 1
0 18 3 3 2 3 8 1
0 18 8 3 2 3 8 1
0 18 11 3 2 3 8 1
3 16 8 3 2 3 8 1
3 16 11 3 2 3 8 1
5 16 0 3 2 3 8 1
5 16 3 3 2 3 8 1
5 18 0 3 2 3 8 1
5 18 3 3 2 3 8 1
6 0 0 3 2 3 8 1
6 0 3 3 2 3 8 1
6 2 0 3 2 3 8 1
6 2 3 3 2 3 8 1
6 4 6 3 2 3 8 1
6 4 13 3 2 3 8 1
6 6 6 3 2 3 8 1
6 6 13 3 2 3 8 1
6 16 14 3 2 3 8 1
6 16 17 3 2 3 8 1
6 18 14 3 2 3 8 1
6 18 17 3 2 3 8 1
8 18 0 3 2 3 8 1
8 18 5 3 2 3 8 1
9 4 8 3 2 3 8 1
9 4 11 3 2 3 8 1
9 6 8 3 2 3 8 1
9 6 11 3 2 3 8 1
9 10 14 3 2 3 8 1
9 10 17 3 2 3 8 1
9 12 2 3 2 3 8 1
9 12 5 3 2 3 8 1
9 14 2 3 2 3 8 1
9 14 5 3 2 3 8 1
9 16 14 3 2 3 8 1
9 16 17 3 2 3 8 1
9 18 8 3 2 3 8 1
9 18 11 3 2 3 8 1
9 18 14 3 2 3 8 1
9 18 17 3 2 3 8 1
11 18 0 3 2 3 8 1
11 18 5 3 2 3 8 1
12 0 2 3 2 3 8 1
12 0 5 3 2 3 8 1
12 2 4 3 2 3 8 1
12 2 7 3 2 3 8 1
12 12 6 3 2 3 8 1
12 12 11 3 2 3 8 1
12 14 6 3 2 3 8 1
12 14 11 3 2 3 8 1
12 14 14 3 2 3 8 1
12 14 17 3 2 3 8 1
12 16 0 3 2 3 8 1
12 16 5 3 2 3 8 1
12 16 8 3 2 3 8 1
12 18 8 3 2 3 8 1
14 18 2 3 2 3 8 1
14 18 5 3 2 3 8 1
15 16 0 3 2 3 8 1
15 16 5 3 2 3 8 1
15 16 8 3 2 3 8 1
15 18 8 3 2 3 8 1
17 18 2 3 2 3 8 1
17 18 5 3 2 3 8 1
12 16 11 6 4 9 9 1
0 4 0 3 6 4 18 1
6 10 14 3 6 4 18 1
12 6 0 3 6 4 18 1
12 8 14 3 6 4 18 1
