20 20 20
0 0 0 5 6 7 1 1
0 0 7 5 6 7 1 1
0 6 0 5 6 7 1 1
0 6 7 5 6 7 1 1
0 12 0 3 4 8 2 1
0 16 0 3 4 8 2 1
0 16 8 3 4 8 2 1
3 12 0 3 4 8 2 1
3 16 0 3 4 8 2 1
3 16 8 3 4 8 2 1
5 0 0 3 4 8 2 1
5 0 8 3 4 8 2 1
5 8 0 3 4 8 2 1
5 8 8 3 4 8 2 1
6 12 0 3 4 8 2 1
6 16 0 3 4 8 2 1
8 0 0 3 4 8 2 1
8 0 8 3 4 8 2 1
8 8 0 3 4 8 2 1
9 12 0 3 4 8 2 1
9 16 0 3 4 8 2 1
11 0 0 3 4 8 2 1
11 0 8 3 4 8 2 1
11 4 0 3 4 8 2 1
11 4 8 3 4 8 2 1
11 8 0 3 4 8 2 1
11 16 8 3 4 8 2 1
8 8 8 2 2 8 3 1
10 8 10 2 2 8 3 1
12 8 10 2 2 8 3 1
12 12 0 2 2 8 3 1
12 14 0 2 2 8 3 1
14 0 0 2 2 8 3 1
14 2 0 2 2 8 3 1
14 4 0 2 2 8 3 1
14 4 8 2 2 8 3 1
14 6 8 2 2 8 3 1
14 8 10 2 2 8 3 1
14 18 0 2 2 8 3 1
14 18 8 2 2 8 3 1
16 0 10 2 2 8 3 1
16 18 0 2 2 8 3 1
16 18 8 2 2 8 3 1
18 0 10 2 2 8 3 1
18 18 0 2 2 8 3 1
18 18 8 2 2 8 3 1
0 0 14 5 2 2 5 1
0 0 16 5 2 2 5 1
0 0 18 5 2 2 5 1
0 2 14 5 2 2 5 1
0 2 16 5 2 2 5 1
0 2 18 5 2 2 5 1
0 4 14 5 2 2 5 1
0 4 16 5 2 2 5 1
0 4 18 5 2 2 5 1
0 6 18 5 2 2 5 1
0 8 18 5 2 2 5 1
0 10 14 5 2 2 5 1
0 10 16 5 2 2 5 1
0 12 16 5 2 2 5 1
0 14 16 5 2 2 5 1
0 16 16 5 2 2 5 1
0 18 16 5 2 2 5 1
0 18 18 5 2 2 5 1
2 12 8 5 2 2 5 1
2 12 14 5 2 2 5 1
2 14 8 5 2 2 5 1
2 14 14 5 2 2 5 1
5 0 16 5 2 2 5 1
5 0 18 5 2 2 5 1
5 2 16 5 2 2 5 1
5 2 18 5 2 2 5 1
5 4 18 5 2 2 5 1
5 6 18 5 2 2 5 1
5 8 16 5 2 2 5 1
5 8 18 5 2 2 5 1
5 10 16 5 2 2 5 1
5 12 16 5 2 2 5 1
5 14 16 5 2 2 5 1
5 16 16 5 2 2 5 1
5 18 16 5 2 2 5 1
5 18 18 5 2 2 5 1
6 16 8 5 2 2 5 1
6 16 10 5 2 2 5 1
6 16 12 5 2 2 5 1
6 16 14 5 2 2 5 1
6 18 8 5 2 2 5 1
6 18 10 5 2 2 5 1
6 18 12 5 2 2 5 1
6 18 14 5 2 2 5 1
7 12 8 5 2 2 5 1
7 12 10 5 2 2 5 1
7 14 8 5 2 2 5 1
7 14 10 5 2 2 5 1
8 10 8 5 2 2 5 1
8 10 10 5 2 2 5 1
8 10 12 5 2 2 5 1
9 10 14 5 2 2 5 1
10 0 16 5 2 2 5 1
10 0 18 5 2 2 5 1
10 2 16 5 2 2 5 1
10 2 18 5 2 2 5 1
10 4 18 5 2 2 5 1
10 6 18 5 2 2 5 1
10 8 8 5 2 2 5 1
10 8 18 5 2 2 5 1
10 10 16 5 2 2 5 1
10 18 18 5 2 2 5 1
11 4 16 5 2 2 5 1
11 6 16 5 2 2 5 1
15 0 18 5 2 2 5 1
15 2 18 5 2 2 5 1
15 4 18 5 2 2 5 1
15 6 18 5 2 2 5 1
15 8 8 5 2 2 5 1
15 8 18 5 2 2 5 1
15 10 16 5 2 2 5 1
15 12 16 5 2 2 5 1
15 14 16 5 2 2 5 1
15 16 16 5 2 2 5 1
15 18 16 5 2 2 5 1
15 18 18 5 2 2 5 1
5 4 0 6 4 3 6 1
5 4 3 6 4 3 6 1
5 4 6 6 4 3 6 1
5 4 9 6 4 3 6 1
5 4 12 6 4 3 6 1
5 4 15 6 4 3 6 1
16 2 12 4 4 3 9 1
16 2 15 4 4 3 9 1
16 6 12 4 4 3 9 1
16 6 15 4 4 3 9 1
16 0 0 4 5 8 11 1
16 5 0 4 5 8 11 1
0 10 18 4 8 2 13 1
4 10 18 4 8 2 13 1
8 10 18 4 8 2 13 1
10 12 16 4 8 2 13 1
12 10 18 4 8 2 13 1
16 0 8 4 8 2 13 1
16 2 10 4 8 2 13 1
16 10 18 4 8 2 13 1
0 12 8 2 4 8 15 1
12 12 8 2 4 8 15 1
12 16 0 2 4 8 15 1
14 0 8 2 4 8 15 1
14 6 0 2 4 8 15 1
0 6 14 5 4 4 17 1
2 12 10 5 4 4 17 1
7 12 12 5 4 4 17 1
14 10 0 6 8 8 19 1
14 10 8 6 8 8 19 1
