20 20 20
0 0 0 4 8 9 1 1
0 0 9 4 8 9 1 1
0 8 0 4 8 9 1 1
4 0 9 4 8 9 1 1
4 8 9 4 8 9 1 1
8 0 0 4 8 9 1 1
8 0 9 4 8 9 1 1
8 8 9 4 8 9 1 1
12 0 0 4 8 9 1 1
12 0 9 4 8 9 1 1
12 8 0 8 5 7 3 1
12 8 7 8 5 7 3 1
0 8 9 4 3 9 6 1
0 11 9 4 3 9 6 1
8 15 0 4 3 9 6 1
12 13 9 4 3 9 6 1
16 0 0 4 3 9 6 1
16 3 0 4 3 9 6 1
16 13 9 4 3 9 6 1
0 14 9 4 2 7 7 1
0 16 0 4 2 7 7 1
0 16 7 4 2 7 7 1
0 18 2 4 2 7 7 1
0 18 9 4 2 7 7 1
4 0 2 4 2 7 7 1
4 16 7 4 2 7 7 1
4 18 6 4 2 7 7 1
4 18 13 4 2 7 7 1
8 16 9 4 2 7 7 1
8 18 2 4 2 7 7 1
8 18 13 4 2 7 7 1
12 16 9 4 2 7 7 1
12 18 13 4 2 7 7 1
16 0 11 4 2 7 7 1
16 2 11 4 2 7 7 1
16 4 11 4 2 7 7 1
16 6 0 4 2 7 7 1
16 6 7 4 2 7 7 1
16 16 11 4 2 7 7 1
16 18 11 4 2 7 7 1
0 0 18 9 6 2 10 1
0 6 18 9 6 2 10 1
9 0 18 9 6 2 10 1
9 6 18 9 6 2 10 1
0 12 18 6 2 2 14 1
0 16 14 6 2 2 14 1
0 18 0 6 2 2 14 1
4 14 18 6 2 2 14 1
4 16 16 6 2 2 14 1
4 16 18 6 2 2 14 1
6 12 18 6 2 2 14 1
6 18 0 6 2 2 14 1
8 18 9 6 2 2 14 1
10 14 18 6 2 2 14 1
10 16 16 6 2 2 14 1
10 16 18 6 2 2 14 1
10 18 11 6 2 2 14 1
12 8 16 6 2 2 14 1
12 9 14 6 2 2 14 1
12 10 16 6 2 2 14 1
12 11 14 6 2 2 14 1
12 12 18 6 2 2 14 1
14 18 9 6 2 2 14 1
4 2 6 2 7 3 15 1
4 9 6 2 7 3 15 1
6 2 6 2 7 3 15 1
6 9 6 2 7 3 15 1
8 8 0 2 7 3 15 1
8 8 3 2 7 3 15 1
8 8 6 2 7 3 15 1
10 8 0 2 7 3 15 1
10 8 3 2 7 3 15 1
10 8 6 2 7 3 15 1
12 13 0 2 7 3 15 1
12 13 3 2 7 3 15 1
12 13 6 2 7 3 15 1
14 13 0 2 7 3 15 1
14 13 3 2 7 3 15 1
14 13 6 2 7 3 15 1
16 13 0 2 7 3 15 1
16 13 3 2 7 3 15 1
16 13 6 2 7 3 15 1
18 6 14 2 7 3 15 1
18 6 17 2 7 3 15 1
18 13 0 2 7 3 15 1
18 13 3 2 7 3 15 1
18 13 6 2 7 3 15 1
0 14 16 4 6 2 19 1
0 14 18 4 6 2 19 1
4 0 0 4 6 2 19 1
4 2 2 4 6 2 19 1
4 2 4 4 6 2 19 1
4 6 0 4 6 2 19 1
4 8 2 4 6 2 19 1
4 8 4 4 6 2 19 1
4 12 0 4 6 2 19 1
4 14 2 4 6 2 19 1
4 14 4 4 6 2 19 1
16 0 9 4 6 2 19 1
16 14 18 4 6 2 19 1
