20 20 20
0 0 0 2 9 9 1 1
0 0 9 2 9 9 1 1
0 9 0 2 9 9 1 1
0 9 9 2 9 9 1 1
2 0 0 2 9 9 1 1
2 0 9 2 9 9 1 1
2 9 0 2 9 9 1 1
2 9 9 2 9 9 1 1
4 0 0 2 9 9 1 1
4 0 9 2 9 9 1 1
4 9 0 2 9 9 1 1
4 9 9 2 9 9 1 1
6 0 0 2 9 9 1 1
6 0 9 2 9 9 1 1
6 9 0 2 9 9 1 1
6 9 9 2 9 9 1 1
8 0 0 2 9 9 1 1
8 0 9 2 9 9 1 1
8 9 0 2 9 9 1 1
8 9 9 2 9 9 1 1
10 0 0 2 9 9 1 1
10 0 9 2 9 9 1 1
10 9 0 2 9 9 1 1
10 9 9 2 9 9 1 1
12 0 0 2 9 9 1 1
12 0 9 2 9 9 1 1
12 9 0 2 9 9 1 1
12 9 9 2 9 9 1 1
14 0 0 2 9 9 1 1
14 0 9 2 9 9 1 1
16 0 0 2 9 9 1 1
16 0 9 2 9 9 1 1
0 0 18 2 8 2 3 1
8 12 18 2 8 2 3 1
10 2 18 2 8 2 3 1
10 10 18 2 8 2 3 1
12 0 18 2 8 2 3 1
14 0 18 2 8 2 3 1
16 10 18 2 8 2 3 1
18 4 6 2 8 2 3 1
18 4 14 2 8 2 3 1
18 4 16 2 8 2 3 1
18 10 18 2 8 2 3 1
18 12 0 2 8 2 3 1
18 12 2 2 8 2 3 1
18 12 10 2 8 2 3 1
18 12 12 2 8 2 3 1
18 12 14 2 8 2 3 1
18 12 16 2 8 2 3 1
0 18 0 6 2 7 7 1
0 18 7 6 2 7 7 1
6 18 0 6 2 7 7 1
6 18 7 6 2 7 7 1
12 18 0 6 2 7 7 1
12 18 7 6 2 7 7 1
12 8 18 4 5 2 12 1
12 13 18 4 5 2 12 1
14 9 0 4 5 2 12 1
14 9 2 4 5 2 12 1
14 9 4 4 5 2 12 1
14 9 6 4 5 2 12 1
14 9 8 4 5 2 12 1
14 9 10 4 5 2 12 1
14 13 12 4 5 2 12 1
14 13 14 4 5 2 12 1
14 13 16 4 5 2 12 1
16 0 18 4 5 2 12 1
16 5 18 4 5 2 12 1
14 9 12 2 4 6 13 1
14 14 0 2 4 6 13 1
14 14 6 2 4 6 13 1
16 9 12 2 4 6 13 1
16 14 0 2 4 6 13 1
16 14 6 2 4 6 13 1
18 0 0 2 4 6 13 1
18 0 6 2 4 6 13 1
18 0 12 2 4 6 13 1
18 4 0 2 4 6 13 1
18 4 8 2 4 6 13 1
18 8 0 2 4 6 13 1
18 8 8 2 4 6 13 1
18 12 4 2 4 6 13 1
18 16 4 2 4 6 13 1
0 8 18 5 2 2 15 1
0 10 18 5 2 2 15 1
2 0 18 5 2 2 15 1
5 8 18 5 2 2 15 1
5 10 18 5 2 2 15 1
7 0 18 5 2 2 15 1
8 18 14 5 2 2 15 1
8 18 16 5 2 2 15 1
10 18 18 5 2 2 15 1
13 18 14 5 2 2 15 1
13 18 16 5 2 2 15 1
15 18 18 5 2 2 15 1
0 12 18 8 6 2 18 1
2 2 18 8 6 2 18 1
0 18 14 8 2 6 19 1
