100 100 100
0 0 0 26 25 33 1 1
0 0 33 26 25 33 1 1
0 0 66 26 25 33 1 1
0 25 0 26 25 33 1 1
0 25 33 26 25 33 1 1
0 25 66 26 25 33 1 1
0 50 0 26 25 33 1 1
0 50 33 26 25 33 1 1
0 50 66 26 25 33 1 1
0 75 0 26 25 33 1 1
0 75 33 26 25 33 1 1
0 75 66 26 25 33 1 1
26 0 0 26 25 33 1 1
26 0 33 26 25 33 1 1
26 0 66 26 25 33 1 1
26 25 0 26 25 33 1 1
26 25 33 26 25 33 1 1
26 25 66 26 25 33 1 1
26 50 33 26 25 33 1 1
26 50 66 26 25 33 1 1
26 75 0 26 25 33 1 1
26 75 33 26 25 33 1 1
26 75 66 26 25 33 1 1
44 50 0 26 25 33 1 1
74 0 0 26 25 33 1 1
74 25 0 26 25 33 1 1
74 50 0 26 25 33 1 1
74 75 0 26 25 33 1 1
56 0 33 44 30 65 5 1
56 30 33 44 66 64 9 1
