         5        12         8         8  
        36         6         3         2         2        1
        72         6         4         3         5        1 
        48         8         3         2         3        1
        24         4         3         2         2        1
        48         4         4         3         3        1
       
         5       100       100       100
    157248        63        64        39         2        87
     23490        30        27        29         2        73
    141404        53        46        58         2        96
    135408        62        52        42         1       116
    228636        58        54        73         1       133

         5       100       100       100
    171570        43        57        70         1        92
    164610        59        45        62         1        67
    170430        57        65        46         2        44
     45198        27        27        62         4       163
     57798        38        39        39         7        62

         5       100       100       100
     61776        36        52        33         5        74
     42930        53        27        30         4        79
     80910        45        29        62         3        47
    156000        40        60        65         2       157
    142545        65        51        43         2        45

         5       100       100       100
    265540        55        71        68         1       153
    224502        62        71        51         1        19
     53196        31        26        66         9       139
    103488        28        56        66         2       101
    207400        61        68        50         1        42

         5       100       100       100
     77720        67        29        40         6        87
    105840        70        42        36         3        63
    208896        64        48        68         1       146
    113960        37        55        56         1       120
     95850        30        71        45         5        39

         5       100       100       100
     46800        72        25        26         7         3
    116014        43        38        71         1       117
    307840        64        65        74         1       147
    197640        54        61        60         1        94
     77220        27        55        52         1       136

         5       100       100       100
    139200        60        40        58         2       111
    119067        71        39        43         3       126
    253368        68        69        54         1        48
    106742        38        53        53         1        58
    104976        27        72        54         2        76

         5       100       100       100
     62100        27        50        46         6        79
    173290        65        62        43         1       110
    183150        45        74        55         1         8
    198720        48        60        69         1        92
     84966        49        51        34         3        88

         5       100       100       100
     80712        36        38        59         3        43
     41250        30        55        25         4        41
    280899        69        59        69         1       124
     94752        72        47        28         4        45
     89100        36        55        45         2         6

         5       100       100       100
    110814        46        33        73         6        72
    308448        63        72        68         1       179
     30914        41        29        26         9        61
     56730        61        31        30         4        35
     71280        27        48        55         1       154